 512  2468.813092  0.013322   0.115247  1 
 512  2468.928371  0.013322   0.001436  1 
 512  2468.929827  0.013322   0.001280  1 
 768  2468.931133  0.020507   0.104940  1 
 768  2469.036187  0.020507   0.103715  1 
 768  2469.140049  0.020507   0.098152  1 
 1024  2469.238342  0.026830   0.074764  1 
 1024  2469.313172  0.026830   0.078911  1 
 1024  2469.392185  0.026830   0.073282  1 
 1280  2469.465572  0.033953   0.210228  1 
 1280  2469.676119  0.033953   0.237612  1 
 1280  2469.913859  0.033953   0.295370  1 
 1536  2470.209398  0.040396   0.228052  1 
 1536  2470.437574  0.040396   0.212741  1 
 1536  2470.650429  0.040396   0.160628  1 
 1792  2470.811142  0.047196   0.198315  1 
 1792  2471.009631  0.047196   0.186336  1 
 1792  2471.196101  0.047196   0.186636  1 
 2048  2471.382872  0.053836   0.215016  1 
 2048  2471.598068  0.053836   0.280629  1 
 2048  2471.878811  0.053836   0.291117  1 
 2304  2472.170219  0.060019   0.422162  1 
 2304  2472.592517  0.060019   0.318433  1 
 2304  2472.911114  0.060019   0.294253  1 
 2560  2473.205504  0.067183   0.331348  1 
 2560  2473.537045  0.067183   0.327926  1 
 2560  2473.865132  0.067183   0.351035  1 
 2816  2474.216329  0.074240   1.357925  1 
 2816  2475.574844  0.074240   1.362503  1 
 2816  2476.937753  0.074240   1.451733  1 
 3072  2478.389852  0.081098   1.484199  1 
 3072  2479.874496  0.081098   1.383853  1 
 3072  2481.258728  0.081098   1.558483  1 
 3328  2482.817630  0.086853   0.893144  1 
 3328  2483.711057  0.086853   0.897237  1 
 3328  2484.608659  0.086853   0.879520  1 
 3584  2485.488487  0.093755   0.568583  1 
 3584  2486.057311  0.093755   0.563558  1 
 3584  2486.621072  0.093755   0.585857  1 
 3840  2487.207174  0.099682   0.681539  1 
 3840  2487.889098  0.099682   0.666630  1 
 3840  2488.555983  0.099682   0.680286  1 
 4096  2489.236600  0.107185   0.506572  1 
 4096  2489.743560  0.107185   0.489350  1 
 4096  2490.233098  0.107185   0.491264  1 
 4352  2490.724601  0.113259   0.442364  1 
 4352  2491.167209  0.113259   0.421369  1 
 4352  2491.588901  0.113259   0.440893  1 
 4608  2492.030060  0.119934   1.470368  1 
 4608  2493.500865  0.119934   1.464213  1 
 4608  2494.965470  0.119934   1.451621  1 
 4864  2496.417484  0.126587   0.766125  1 
 4864  2497.183901  0.126587   0.772801  1 
 4864  2497.956975  0.126587   0.795723  1 
 5120  2498.753023  0.133872   1.387213  1 
 5120  2500.140642  0.133872   1.360673  1 
 5120  2501.501696  0.133872   1.384898  1 
 5376  2502.886965  0.140700   0.741540  1 
 5376  2503.628731  0.140700   0.744959  1 
 5376  2504.373968  0.140700   0.733935  1 
 5632  2505.108178  0.147279   1.650040  1 
 5632  2506.758641  0.147279   1.660783  1 
 5632  2508.419863  0.147279   1.658510  1 
 5888  2510.078773  0.154741   1.815639  1 
 5888  2511.895250  0.154741   1.848133  1 
 5888  2513.743983  0.154741   1.827007  1 
 6144  2515.571447  0.161357   1.579914  1 
 6144  2517.151739  0.161357   1.571986  1 
 6144  2518.724201  0.161357   1.629484  1 
 6400  2520.354140  0.167559   5.829903  0 
 6400  2526.184908  0.167559   5.803648  0 
 6400  2531.989417  0.167559   5.809638  0 
 6656  2537.799974  0.173875   1.611210  1 
 6656  2539.411644  0.173875   1.678209  1 
 6656  2541.090315  0.173875   1.713301  1 
 6912  2542.804081  0.180641   2.101354  1 
 6912  2544.905868  0.180641   2.077111  1 
 6912  2546.983421  0.180641   2.051774  1 
 7168  2549.035657  0.187179   1.490301  1 
 7168  2550.526310  0.187179   1.494579  1 
 7168  2552.021253  0.187179   1.475647  1 
 7424  2553.497279  0.194646   1.636218  1 
 7424  2555.133875  0.194646   1.611063  1 
 7424  2556.745298  0.194646   1.592802  1 
 7680  2558.338475  0.200995   6.026558  0 
 7680  2564.365963  0.200995   6.066759  0 
 7680  2570.433607  0.200995   6.077479  0 
 7936  2576.511988  0.208016   1.459351  1 
 7936  2577.971830  0.208016   1.495965  1 
 7936  2579.468192  0.208016   1.469307  1 
 8192  2580.937936  0.214729   1.573175  1 
 8192  2582.511638  0.214729   1.594112  1 
 8192  2584.106196  0.214729   1.594367  1 
 8448  2585.700910  0.221214   6.087657  0 
 8448  2591.789685  0.221214   6.100055  0 
 8448  2597.890699  0.221214   6.092430  0 
 8704  2603.984080  0.228134   3.732497  1 
 8704  2607.717272  0.228134   3.710430  1 
 8704  2611.428413  0.228134   3.749813  1 
 8960  2615.178855  0.235141   2.975435  1 
 8960  2618.154835  0.235141   2.930764  1 
 8960  2621.086137  0.235141   3.007439  1 
 9216  2624.094116  0.241496   6.005029  0 
 9216  2630.100137  0.241496   6.038209  0 
 9216  2636.139241  0.241496   6.008391  0 
 9472  2642.148548  0.248510   5.940204  0 
 9472  2648.089632  0.248510   5.989951  0 
 9472  2654.080485  0.248510   6.003654  0 
 9728  2660.085040  0.255853   1.870780  1 
 9728  2661.956366  0.255853   1.915983  1 
 9728  2663.872763  0.255853   1.885252  1 
 9984  2665.758427  0.263018   5.891018  0 
 9984  2671.650339  0.263018   5.903762  0 
 9984  2677.554968  0.263018   5.917342  0 
 10240  2683.473215  0.269982   2.848649  1 
 10240  2686.322436  0.269982   2.833667  1 
 10240  2689.156645  0.269982   2.798721  1 
 10496  2691.955945  0.276790   5.988842  0 
 10496  2697.945716  0.276790   6.035088  0 
 10496  2703.981701  0.276790   6.017110  0 
 10752  2709.999703  0.283243   4.629175  1 
 10752  2714.629634  0.283243   4.605433  1 
 10752  2719.235815  0.283243   4.672234  1 
 11008  2723.908803  0.289922   5.316865  1 
 11008  2729.226506  0.289922   5.274826  1 
 11008  2734.502224  0.289922   5.273629  1 
 11264  2739.776801  0.296226   5.315871  1 
 11264  2745.093485  0.296226   5.319224  1 
 11264  2750.413522  0.296226   5.359692  1 
 11520  2755.774091  0.303211   5.678889  0 
 11520  2761.453888  0.303211   5.706959  0 
 11520  2767.161708  0.303211   5.708706  0 
 11776  2772.871265  0.309582   5.770828  0 
 11776  2778.642941  0.309582   5.826972  0 
 11776  2784.470812  0.309582   5.839235  0 
 12032  2790.310933  0.316517   6.012667  0 
 12032  2796.324600  0.316517   5.911673  0 
 12032  2802.237160  0.316517   5.958128  0 
 12288  2808.196192  0.323119   5.972908  0 
 12288  2814.170020  0.323119   5.966219  0 
 12288  2820.137155  0.323119   5.991206  0 
 12544  2826.129325  0.329995   5.995531  0 
 12544  2832.125833  0.329995   6.012987  0 
 12544  2838.139691  0.329995   5.967786  0 
 12800  2844.108458  0.336026   6.141302  0 
 12800  2850.250724  0.336026   6.133650  0 
 12800  2856.385313  0.336026   6.163626  0 
 13056  2862.549833  0.343006   6.024043  0 
 13056  2868.574771  0.343006   6.056611  0 
 13056  2874.632339  0.343006   6.006091  0 
