 512  30331.693309  0.053290   0.186527  1 
 512  30331.880154  0.053290   0.161004  1 
 512  30332.041385  0.053290   0.153051  1 
 1024  30332.194759  0.107320   0.832149  1 
 1024  30333.027371  0.107320   0.814851  1 
 1024  30333.842575  0.107320   0.805504  1 
 1536  30334.648465  0.161583   0.659594  1 
 1536  30335.308426  0.161583   0.660571  1 
 1536  30335.969253  0.161583   0.678454  1 
 2048  30336.647938  0.215346   1.115701  1 
 2048  30337.763902  0.215346   1.119724  1 
 2048  30338.883899  0.215346   1.126342  1 
 2560  30340.010558  0.268734   8.996787  1 
 2560  30349.008043  0.268734   8.968034  1 
 2560  30357.976968  0.268734   8.937489  1 
 3072  30366.915336  0.324391   3.733257  1 
 3072  30370.648966  0.324391   3.782356  1 
 3072  30374.431693  0.324391   3.731513  1 
 3584  30378.163575  0.375018   51.026927  1 
 3584  30429.192495  0.375018   51.404655  1 
 3584  30480.599839  0.375018   51.266855  1 
 4096  30531.869399  0.428741   123.658196  0 
 4096  30655.530928  0.428741   123.706460  0 
 4096  30779.241403  0.428741   123.674369  0 
 4608  30902.919764  0.479737   14.201949  1 
 4608  30917.122335  0.479737   14.137266  1 
 4608  30931.260306  0.479737   14.178004  1 
 5120  30945.438906  0.535487   77.155881  1 
 5120  31022.596961  0.535487   77.319941  1 
 5120  31099.919045  0.535487   77.277346  1 
 5632  31177.198518  0.589114   45.477226  0 
 5632  31222.676651  0.589114   45.420573  0 
 5632  31268.098089  0.589114   45.410066  0 
 6144  31313.509619  0.645427   70.703047  0 
 6144  31384.214022  0.645427   70.743555  0 
 6144  31454.958935  0.645427   70.675677  0 
 6656  31525.635997  0.695501   62.313506  0 
 6656  31587.950440  0.695501   62.283424  0 
 6656  31650.234802  0.695501   62.264889  0 
 7168  31712.500617  0.748717   36.543020  0 
 7168  31749.043740  0.748717   36.597105  0 
 7168  31785.640943  0.748717   36.626660  0 
 7680  31822.267722  0.803979   44.948403  0 
 7680  31867.216690  0.803979   44.901449  0 
 7680  31912.118698  0.803979   44.849428  0 
 8192  31956.968689  0.858914   41.948270  0 
 8192  31998.917261  0.858914   42.007097  0 
 8192  32040.924643  0.858914   42.013024  0 
 8704  32082.937946  0.912537   43.986047  0 
 8704  32126.924158  0.912537   43.917749  0 
