 1024  708.623366  0.026830   0.058718  1 
 1024  708.682184  0.026830   0.044392  1 
 1024  708.726659  0.026830   0.045112  1 
 1536  708.771842  0.040396   0.125738  1 
 1536  708.897719  0.040396   0.123081  1 
 1536  709.020995  0.040396   0.113985  1 
 2048  709.135255  0.053836   0.332363  1 
 2048  709.468085  0.053836   0.330261  1 
 2048  709.798782  0.053836   0.322777  1 
 2560  710.121981  0.067183   0.432482  1 
 2560  710.554896  0.067183   0.421549  1 
 2560  710.976818  0.067183   0.427508  1 
 3072  711.404665  0.081098   0.614241  1 
 3072  712.019331  0.081098   0.612389  1 
 3072  712.632135  0.081098   0.605950  1 
 3584  713.238315  0.093755   3.046888  1 
 3584  716.285828  0.093755   3.066755  1 
 3584  719.353157  0.093755   3.066609  1 
 4096  722.420335  0.107185   0.706418  1 
 4096  723.127002  0.107185   0.704934  1 
 4096  723.832165  0.107185   0.707535  1 
 4608  724.539858  0.119934   1.987136  1 
 4608  726.527271  0.119934   1.978941  1 
 4608  728.506539  0.119934   2.001962  1 
 5120  730.508799  0.133872   5.841677  0 
 5120  736.351218  0.133872   5.885496  0 
 5120  742.237445  0.133872   5.750057  0 
 5632  747.988242  0.147279   3.245145  1 
 5632  751.233722  0.147279   3.220784  1 
 5632  754.454816  0.147279   3.226733  1 
 6144  757.681845  0.161357   4.069066  1 
 6144  761.751509  0.161357   4.030860  1 
 6144  765.782841  0.161357   4.025492  1 
 6656  769.808845  0.173875   5.227522  0 
 6656  775.036917  0.173875   5.263955  0 
 6656  780.301399  0.173875   5.216960  0 
 7168  785.518868  0.187179   5.252211  0 
 7168  790.771508  0.187179   5.276316  0 
 7168  796.048354  0.187179   5.250926  0 
 7680  801.299766  0.200995   3.939583  0 
 7680  805.239565  0.200995   3.992592  0 
 7680  809.232390  0.200995   3.979473  0 
 8192  813.212085  0.214729   6.169207  0 
 8192  819.381816  0.214729   6.235215  0 
 8192  825.617550  0.214729   6.199608  0 
 8704  831.817684  0.228134   6.565792  0 
 8704  838.383982  0.228134   6.580853  0 
 8704  844.965352  0.228134   6.572275  0 
 9216  851.538214  0.241496   3.099092  0 
 9216  854.637597  0.241496   3.087149  0 
 9216  857.725026  0.241496   3.077465  0 
 9728  860.802764  0.255853   4.866808  0 
 9728  865.669873  0.255853   4.887625  0 
 9728  870.557780  0.255853   4.884855  0 
 10240  875.442924  0.269982   5.750911  0 
 10240  881.194187  0.269982   5.787928  0 
 10240  886.982495  0.269982   5.767581  0 
 10752  892.750446  0.283243   5.805711  0 
 10752  898.556567  0.283243   5.817040  0 
 10752  904.374028  0.283243   5.836983  0 
 11264  910.211415  0.296226   6.262999  0 
 11264  916.474847  0.296226   6.307941  0 
 11264  922.783196  0.296226   6.279249  0 
 11776  929.062828  0.309582   6.370041  0 
 11776  935.433180  0.309582   6.370629  0 
 11776  941.804166  0.309582   6.347019  0 
 12288  948.151469  0.323119   4.026379  0 
 12288  952.178044  0.323119   4.028573  0 
 12288  956.206906  0.323119   3.997149  0 
 12800  960.204328  0.336026   8.542003  0 
 12800  968.746825  0.336026   8.463533  0 
 12800  977.210888  0.336026   8.580737  0 
 13312  985.792197  0.348944   6.181223  0 
 13312  991.973971  0.348944   6.189272  0 
 13312  998.163561  0.348944   6.158693  0 
 13824  1004.322560  0.362911   8.082013  0 
 13824  1012.404843  0.362911   8.106866  0 
 13824  1020.511962  0.362911   8.110178  0 
 14336  1028.622393  0.376070   1.620687  0 
 14336  1030.243238  0.376070   1.624658  0 
 14336  1031.868090  0.376070   1.617949  0 
 14848  1033.486201  0.389834   8.389761  0 
 14848  1041.876472  0.389834   8.327808  0 
 14848  1050.204616  0.389834   8.315949  0 
 15360  1058.520895  0.403435   6.862715  0 
 15360  1065.383854  0.403435   6.888041  0 
 15360  1072.272167  0.403435   6.858066  0 
 15872  1079.130477  0.416948   8.045961  0 
 15872  1087.176804  0.416948   8.079228  0 
 15872  1095.256615  0.416948   8.042263  0 
 16384  1103.299223  0.431444   4.056025  0 
 16384  1107.355429  0.431444   4.019886  0 
 16384  1111.375497  0.431444   4.016991  0 
 16896  1115.392681  0.443749   7.024220  0 
 16896  1122.417225  0.443749   7.016620  0 
 16896  1129.434116  0.443749   7.025365  0 
 17408  1136.459749  0.456390   5.861424  0 
 17408  1142.321426  0.456390   5.817517  0 
 17408  1148.139226  0.456390   5.825719  0 
 17920  1153.965217  0.469369   4.068666  0 
