 512  84.318652  0.013322   0.174625  1 
 512  84.493308  0.013322   0.001673  1 
 512  84.495004  0.013322   0.001851  1 
 1024  84.496881  0.026830   0.081554  1 
 1024  84.578544  0.026830   0.075997  1 
 1024  84.654649  0.026830   0.072898  1 
 1536  84.727667  0.040396   0.188051  1 
 1536  84.915893  0.040396   0.171323  1 
 1536  85.087365  0.040396   0.160070  1 
 2048  85.247701  0.053836   0.248401  1 
 2048  85.496694  0.053836   0.247366  1 
 2048  85.744633  0.053836   0.228843  1 
 2560  85.974039  0.067183   0.386258  1 
 2560  86.360748  0.067183   0.369552  1 
 2560  86.730845  0.067183   0.356820  1 
 3072  87.088184  0.081098   1.425229  1 
 3072  88.514492  0.081098   1.376162  1 
 3072  89.891372  0.081098   1.398641  1 
 3584  91.291329  0.093755   0.534747  1 
 3584  91.826465  0.093755   0.544837  1 
 3584  92.371740  0.093755   0.538364  1 
 4096  92.910517  0.107185   0.469227  1 
 4096  93.380184  0.107185   0.428852  1 
 4096  93.809380  0.107185   0.451948  1 
 4608  94.261669  0.119934   1.314572  1 
 4608  95.577060  0.119934   1.250071  1 
 4608  96.827819  0.119934   1.273297  1 
 5120  98.101830  0.133872   1.245106  1 
 5120  99.347620  0.133872   1.187627  1 
 5120  100.535938  0.133872   1.197300  1 
 5632  101.734133  0.147279   1.429246  1 
 5632  103.164227  0.147279   1.395853  1 
 5632  104.560941  0.147279   1.374238  1 
 6144  105.936083  0.161357   1.282799  1 
 6144  107.219615  0.161357   1.309757  1 
 6144  108.530159  0.161357   1.325612  1 
 6656  109.856619  0.173875   1.371696  1 
 6656  111.229184  0.173875   1.404416  1 
 6656  112.634513  0.173875   1.385436  1 
 7168  114.020802  0.187179   1.193714  1 
 7168  115.215254  0.187179   1.194089  1 
 7168  116.410072  0.187179   1.202717  1 
 7680  117.613610  0.200995   19.087912  1 
 7680  136.705352  0.200995   19.256260  1 
 7680  155.965434  0.200995   19.221541  1 
 8192  175.190823  0.214729   1.445323  1 
 8192  176.636886  0.214729   1.447542  1 
 8192  178.085197  0.214729   1.461491  1 
 8704  179.547432  0.228134   3.306232  1 
 8704  182.855019  0.228134   3.306901  1 
 8704  186.163324  0.228134   3.277087  1 
 9216  189.441765  0.241496   5.952460  1 
 9216  195.396113  0.241496   5.906062  1 
 9216  201.304143  0.241496   5.924776  1 
 9728  207.230805  0.255853   1.757498  1 
 9728  208.989110  0.255853   1.741582  1 
 9728  210.731556  0.255853   1.738872  1 
 10240  212.471290  0.269982   2.538700  1 
 10240  215.011109  0.269982   2.537162  1 
 10240  217.549405  0.269982   2.522432  1 
 10752  220.072975  0.283243   4.029661  1 
 10752  224.104150  0.283243   4.002315  1 
 10752  228.107947  0.283243   4.031645  1 
 11264  232.141149  0.296226   4.596617  1 
 11264  236.739373  0.296226   4.570476  1 
 11264  241.311459  0.296226   4.606423  1 
 11776  245.919529  0.309582   48.051630  1 
 11776  293.977063  0.309582   48.319407  1 
 11776  342.303394  0.309582   48.283606  1 
 12288  390.594040  0.323119   7.868331  1 
 12288  398.464616  0.323119   7.809747  1 
 12288  406.276668  0.323119   7.891174  1 
 12800  414.170165  0.336026   112.788760  1 
 12800  526.970093  0.336026   112.816901  1 
 12800  639.798439  0.336026   112.777063  1 
 13312  752.586880  0.348944   18.859829  1 
 13312  771.450554  0.348944   18.826612  1 
 13312  790.280997  0.348944   18.738847  1 
 13824  809.023620  0.362911   119.044852  1 
 13824  928.080167  0.362911   119.166349  1 
 13824  1047.258084  0.362911   118.869830  1 
 14336  1166.139509  0.376070   51.403286  1 
 14336  1217.550045  0.376070   51.334914  1 
 14336  1268.892312  0.376070   51.394948  1 
 14848  1320.294496  0.389834   50.030874  1 
 14848  1370.332441  0.389834   49.989239  1 
 14848  1420.328841  0.389834   50.007131  1 
 15360  1470.343145  0.403435   23.369414  1 
 15360  1493.716706  0.403435   23.491145  1 
 15360  1517.212061  0.403435   23.387486  1 
 15872  1540.603705  0.416948   74.190616  1 
 15872  1614.803133  0.416948   74.212798  1 
 15872  1689.024722  0.416948   74.350708  1 
 16384  1763.384287  0.431444   11.876955  1 
 16384  1775.264141  0.431444   11.912744  1 
 16384  1787.179635  0.431444   11.866066  1 
 16896  1799.048498  0.443749   31.425477  1 
 16896  1830.478947  0.443749   31.410760  1 
 16896  1861.894633  0.443749   31.448933  1 
 17408  1893.348495  0.456390   31.045606  1 
 17408  1924.398984  0.456390   30.976880  1 
 17408  1955.380801  0.456390   31.109515  1 
 17920  1986.495237  0.469369   8.073115  1 
 17920  1994.570524  0.469369   8.046127  1 
 17920  2002.618822  0.469369   8.039755  1 
 18432  2010.660808  0.483529   15.813856  1 
 18432  2026.477953  0.483529   15.908583  1 
 18432  2042.389861  0.483529   15.943267  1 
 18944  2058.337093  0.497266   47.338577  1 
 18944  2105.682729  0.497266   47.391598  1 
 18944  2153.081326  0.497266   47.514655  1 
 19456  2200.602972  0.511018   3.295615  1 
 19456  2203.899772  0.511018   3.132975  1 
 19456  2207.033930  0.511018   3.273264  1 
 19968  2210.308444  0.523460   5.850589  1 
 19968  2216.160809  0.523460   5.926829  1 
 19968  2222.089458  0.523460   5.875842  1 
 20480  2227.967005  0.536239   378.591657  0 
 20480  2606.576764  0.536239   373.777473  0 
 20480  2980.374933  0.536239   372.334135  0 
 20992  3352.729732  0.548613   119.728151  1 
 20992  3472.468735  0.548613   119.523876  1 
 20992  3592.003440  0.548613   119.700642  1 
 21504  3711.714901  0.561662   35.477884  1 
 21504  3747.198039  0.561662   35.473216  1 
 21504  3782.676449  0.561662   35.455438  1 
 22016  3818.137052  0.575595   14.220004  1 
 22016  3832.360068  0.575595   14.252409  1 
 22016  3846.615435  0.575595   14.169975  1 
 22528  3860.788485  0.588898   5.337556  1 
 22528  3866.127633  0.588898   5.253271  1 
 22528  3871.382502  0.588898   5.244938  1 
 23040  3876.629051  0.602401   14.347977  1 
 23040  3890.980050  0.602401   14.391399  1 
 23040  3905.374489  0.602401   14.419272  1 
 23552  3919.796824  0.615653   376.231158  0 
 23552  4296.048075  0.615653   374.424129  0 
 23552  4670.494191  0.615653   376.068427  0 
 24064  5046.584759  0.629141   42.570139  1 
 24064  5089.160646  0.629141   42.361122  1 
 24064  5131.527498  0.629141   42.510970  1 
 24576  5174.044220  0.642611   75.940549  1 
 24576  5249.992879  0.642611   75.833527  1 
 24576  5325.835208  0.642611   75.672584  1 
 25088  5401.515865  0.656592   2.510596  1 
 25088  5404.027538  0.656592   2.497640  1 
 25088  5406.526164  0.656592   2.519864  1 
 25600  5409.046979  0.669715   4.599615  1 
 25600  5413.648039  0.669715   4.623913  1 
 25600  5418.273377  0.669715   4.602900  1 
