 512  558.140391  0.053290   0.431002  1 
 512  558.571814  0.053290   0.315634  1 
 512  558.887570  0.053290   0.309578  1 
 1024  559.197266  0.107320   0.421961  1 
 1024  559.619439  0.107320   0.452306  1 
 1024  560.072124  0.107320   0.425271  1 
 1536  560.497656  0.161583   0.438200  1 
 1536  560.936098  0.161583   0.426237  1 
 1536  561.362505  0.161583   0.450221  1 
 2048  561.812931  0.215346   1.516712  1 
 2048  563.330123  0.215346   1.551280  1 
 2048  564.881859  0.215346   1.539934  1 
 2560  566.422212  0.268734   1.252986  1 
 2560  567.675570  0.268734   1.245517  1 
 2560  568.921413  0.268734   1.239511  1 
 3072  570.161299  0.324391   2.130020  1 
 3072  572.291816  0.324391   2.147983  1 
 3072  574.440312  0.324391   2.119024  1 
 3584  576.559918  0.375018   1.753215  1 
 3584  578.313569  0.375018   1.724572  1 
 3584  580.038528  0.375018   1.733453  1 
 4096  581.772422  0.428741   3.168695  1 
 4096  584.941713  0.428741   3.203613  1 
 4096  588.145947  0.428741   3.220059  1 
 4608  591.367298  0.479737   7.485980  1 
 4608  598.854380  0.479737   7.465005  1 
 4608  606.320661  0.479737   7.414135  1 
 5120  613.735875  0.535487   132.785303  1 
 5120  746.526344  0.535487   131.972513  1 
 5120  878.506289  0.535487   131.312692  1 
 5632  1009.826170  0.589114   104.582253  1 
 5632  1114.414859  0.589114   104.323443  1 
 5632  1218.744736  0.589114   104.423192  1 
 6144  1323.174370  0.645427   230.933163  1 
 6144  1554.114894  0.645427   232.365565  1 
 6144  1786.489857  0.645427   232.427926  1 
 6656  2018.926629  0.695501   97.835797  1 
 6656  2116.767740  0.695501   97.644419  1 
 6656  2214.417516  0.695501   97.646310  1 
 7168  2312.069251  0.748717   52.132343  1 
 7168  2364.205308  0.748717   52.015232  1 
 7168  2416.225142  0.748717   52.021290  1 
 7680  2468.250082  0.803979   168.897433  1 
 7680  2637.156156  0.803979   168.721759  1 
 7680  2805.886394  0.803979   168.864223  1 
 8192  2974.758958  0.858914   82.110718  1 
 8192  3056.874577  0.858914   82.119946  1 
 8192  3138.999672  0.858914   82.085838  1 
 8704  3221.090364  0.912537   361.065731  0 
 8704  3582.167898  0.912537   362.200785  0 
 8704  3944.383687  0.912537   361.224886  0 
 9216  4305.622316  0.965983   134.646567  1 
 9216  4440.275153  0.965983   134.493120  1 
 9216  4574.774639  0.965983   134.558225  1 
 9728  4709.339174  1.023412   2.162639  1 
 9728  4711.502253  1.023412   2.185204  1 
 9728  4713.688295  1.023412   2.142135  1 
 10240  4715.830884  1.079673   197.546032  1 
 10240  4913.385207  1.079673   197.610305  1 
 10240  5111.005734  1.079673   197.806696  1 
 10752  5308.820665  1.132715   147.352526  1 
 10752  5456.179897  1.132715   147.143897  1 
 10752  5603.330549  1.132715   147.287045  1 
 11264  5750.626386  1.184648   21.259162  1 
 11264  5771.887529  1.184648   21.264903  1 
 11264  5793.154389  1.184648   21.218949  1 
 11776  5814.375303  1.237784   363.946589  0 
 11776  6178.333432  1.237784   364.268494  0 
 11776  6542.613489  1.237784   363.292054  0 
 12288  6905.919701  1.291933   87.433798  1 
 12288  6993.358315  1.291933   87.350372  1 
 12288  7080.713511  1.291933   87.254086  1 
 12800  7167.972488  1.343562   84.741443  1 
 12800  7252.720394  1.343562   84.568639  1 
 12800  7337.293721  1.343562   84.644113  1 
 13312  7421.942537  1.395232   358.028721  0 
 13312  7779.985092  1.395232   357.332950  0 
 13312  8137.331754  1.395232   358.821340  0 
 13824  8496.164470  1.451101   342.062508  1 
 13824  8838.238043  1.451101   342.777242  1 
 13824  9181.027099  1.451101   342.234041  1 
 14336  9523.272192  1.503737   180.489982  1 
 14336  9703.769757  1.503737   180.427691  1 
 14336  9884.205203  1.503737   180.295435  1 
 14848  10064.508319  1.558791   7.115293  1 
 14848  10071.624669  1.558791   7.015902  1 
 14848  10078.641577  1.558791   7.035577  1 
 15360  10085.678199  1.613198   368.887193  0 
 15360  10454.577044  1.613198   370.467144  0 
 15360  10825.058792  1.613198   370.498365  0 
 15872  11195.568810  1.667249   3.715782  1 
 15872  11199.285301  1.667249   3.293552  1 
 15872  11202.579406  1.667249   3.309370  1 
 16384  11205.889361  1.725232   331.835168  1 
 16384  11537.736192  1.725232   332.727678  1 
 16384  11870.474805  1.725232   331.762846  1 
 16896  12202.248433  1.774452   364.077763  0 
 16896  12566.339995  1.774452   366.162850  0 
 16896  12932.514340  1.774452   364.267049  0 
 17408  13296.792943  1.825017   7.305981  1 
