 512  3803.196279  0.013322   0.001430  1 
 512  3803.197740  0.013322   0.001195  1 
 512  3803.198973  0.013322   0.001074  1 
 1024  3803.200066  0.026830   0.055304  1 
 1024  3803.255482  0.026830   0.041200  1 
 1024  3803.296759  0.026830   0.039139  1 
 1536  3803.335998  0.040396   0.126461  1 
 1536  3803.462626  0.040396   0.120151  1 
 1536  3803.582944  0.040396   0.116666  1 
 2048  3803.699799  0.053836   0.338839  1 
 2048  3804.038824  0.053836   0.337581  1 
 2048  3804.376641  0.053836   0.347667  1 
 2560  3804.724553  0.067183   0.416953  1 
 2560  3805.141712  0.067183   0.417653  1 
 2560  3805.559662  0.067183   0.443401  1 
 3072  3806.003264  0.081098   0.608802  1 
 3072  3806.612299  0.081098   0.602219  1 
 3072  3807.214750  0.081098   0.604587  1 
 3584  3807.819647  0.093755   3.250418  1 
 3584  3811.070503  0.093755   3.214734  1 
 3584  3814.285831  0.093755   3.237017  1 
 4096  3817.523412  0.107185   0.720782  1 
 4096  3818.244342  0.107185   0.733287  1 
 4096  3818.977794  0.107185   0.720999  1 
 4608  3819.698941  0.119934   2.027415  1 
 4608  3821.726628  0.119934   2.034218  1 
 4608  3823.761192  0.119934   2.026153  1 
 5120  3825.787656  0.133872   7.474106  1 
 5120  3833.262397  0.133872   7.452062  1 
 5120  3840.715304  0.133872   7.449134  1 
 5632  3848.165294  0.147279   3.384237  1 
 5632  3851.549835  0.147279   3.370213  1 
 5632  3854.920370  0.147279   3.378387  1 
 6144  3858.299063  0.161357   4.236559  1 
 6144  3862.535984  0.161357   4.231856  1 
 6144  3866.768356  0.161357   4.213654  1 
 6656  3870.982363  0.173875   9.394562  1 
 6656  3880.377631  0.173875   9.328938  1 
 6656  3889.707250  0.173875   9.322927  1 
 7168  3899.030897  0.187179   195.491636  1 
 7168  4094.527914  0.187179   194.242458  1 
 7168  4288.777293  0.187179   194.319835  1 
 7680  4483.103781  0.200995   18.443331  1 
 7680  4501.548193  0.200995   18.473324  1 
 7680  4520.022560  0.200995   18.527340  1 
 8192  4538.550866  0.214729   14.378761  1 
 8192  4552.930438  0.214729   14.376607  1 
 8192  4567.308437  0.214729   14.356940  1 
 8704  4581.666206  0.228134   7.408623  1 
 8704  4589.075259  0.228134   7.404337  1 
 8704  4596.480077  0.228134   7.376956  1 
 9216  4603.857434  0.241496   157.278770  1 
 9216  4761.141463  0.241496   157.131883  1 
 9216  4918.278497  0.241496   156.969689  1 
 9728  5075.253403  0.255853   195.241681  0 
 9728  5270.500511  0.255853   195.320466  0 
 9728  5465.826385  0.255853   195.321836  0 
 10240  5661.153636  0.269982   28.731557  1 
 10240  5689.886269  0.269982   28.695835  1 
 10240  5718.583104  0.269982   28.719675  1 
 10752  5747.303793  0.283243   9.823465  1 
 10752  5757.127704  0.283243   9.798807  1 
 10752  5766.927301  0.283243   9.835775  1 
 11264  5776.763500  0.296226   105.619529  1 
 11264  5882.386479  0.296226   105.577354  1 
 11264  5987.967009  0.296226   105.509048  1 
 11776  6093.479270  0.309582   27.619616  1 
 11776  6121.099854  0.309582   27.648796  1 
 11776  6148.749597  0.309582   27.600189  1 
 12288  6176.350723  0.323119   11.993927  1 
 12288  6188.345180  0.323119   11.985854  1 
 12288  6200.331528  0.323119   12.007930  1 
 12800  6212.339945  0.336026   51.631537  1 
 12800  6263.973349  0.336026   51.574708  1 
 12800  6315.549825  0.336026   51.562577  1 
 13312  6367.114221  0.348944   180.176745  0 
 13312  6547.294982  0.348944   180.216605  0 
 13312  6727.515656  0.348944   180.184317  0 
 13824  6907.706819  0.362911   152.611077  0 
 13824  7060.321062  0.362911   152.841008  0 
 13824  7213.165234  0.362911   152.578378  0 
 14336  7365.746780  0.376070   29.728985  1 
 14336  7395.477001  0.376070   29.768751  1 
 14336  7425.246482  0.376070   29.771247  1 
 14848  7455.018433  0.389834   121.757347  1 
 14848  7576.778430  0.389834   121.882430  1 
 14848  7698.663460  0.389834   121.768497  1 
 15360  7820.434569  0.403435   135.965203  0 
 15360  7956.401967  0.403435   136.007516  0 
 15360  8092.411580  0.403435   136.143821  0 
 15872  8228.557574  0.416948   138.539646  0 
 15872  8367.099738  0.416948   138.477526  0 
 15872  8505.579641  0.416948   138.134372  0 
 16384  8643.716472  0.431444   124.320044  0 
 16384  8768.038815  0.431444   124.172276  0 
 16384  8892.213446  0.431444   124.085789  0 
 16896  9016.301629  0.443749   101.568438  0 
 16896  9117.871036  0.443749   101.571455  0 
 16896  9219.443481  0.443749   101.575947  0 
 17408  9321.020448  0.456390   36.586157  1 
 17408  9357.607209  0.456390   36.630427  1 
 17408  9394.238274  0.456390   36.665255  1 
 17920  9430.904159  0.469369   58.739057  0 
 17920  9489.643734  0.469369   58.711471  0 
 17920  9548.355750  0.469369   58.689350  0 
 18432  9607.045657  0.483529   120.756311  0 
 18432  9727.803594  0.483529   120.913758  0 
 18432  9848.719188  0.483529   120.931716  0 
 18944  9969.652611  0.497266   98.856062  0 
 18944  10068.509792  0.497266   98.814457  0 
 18944  10167.325340  0.497266   98.815641  0 
 19456  10266.142102  0.511018   80.811338  0 
 19456  10346.954092  0.511018   80.788027  0 
 19456  10427.743016  0.511018   80.888015  0 
 19968  10508.631679  0.523460   57.584122  0 
 19968  10566.216022  0.523460   57.530461  0 
 19968  10623.746729  0.523460   57.466575  0 
 20480  10681.213500  0.536239   63.864040  0 
 20480  10745.077781  0.536239   63.778079  0 
 20480  10808.856147  0.536239   63.812192  0 
 20992  10872.668566  0.548613   88.280393  0 
 20992  10960.949664  0.548613   88.199194  0 
 20992  11049.149560  0.548613   88.283508  0 
 21504  11137.433773  0.561662   70.216277  0 
 21504  11207.650283  0.561662   70.233455  0 
 21504  11277.884138  0.561662   70.161786  0 
 22016  11348.046107  0.575595   96.079043  0 
 22016  11444.125817  0.575595   96.242927  0 
 22016  11540.369422  0.575595   96.163593  0 
 22528  11636.533684  0.588898   103.553746  0 
 22528  11740.087721  0.588898   103.431738  0 
 22528  11843.519746  0.588898   103.334291  0 
 23040  11946.854370  0.602401   95.012006  0 
 23040  12041.866883  0.602401   95.115470  0 
 23040  12136.982823  0.602401   95.150993  0 
 23552  12232.134299  0.615653   73.162567  0 
 23552  12305.297006  0.615653   73.140832  0 
 23552  12378.438048  0.615653   73.142309  0 
 24064  12451.580544  0.629141   84.303297  0 
 24064  12535.884023  0.629141   84.318870  0 
 24064  12620.203119  0.629141   84.369909  0 
 24576  12704.573217  0.642611   114.565528  0 
 24576  12819.139064  0.642611   114.443731  0 
 24576  12933.583039  0.642611   114.437938  0 
 25088  13048.021275  0.656592   90.835643  0 
 25088  13138.857220  0.656592   90.754337  0 
 25088  13229.611787  0.656592   90.720986  0 
 25600  13320.333073  0.669715   120.598831  0 
 25600  13440.932127  0.669715   120.622292  0 
 25600  13561.554607  0.669715   120.576651  0 
