1598512824320.000000 175.675003 
1598512824320.000000 627.583984 
1598512824320.000000 1622.239014 
1598512824320.000000 116.343002 
1598512824320.000000 5184.388184 
1598512824320.000000 45.213001 
1598512824320.000000 334.829010 
1598512824320.000000 27.548000 
1598512824320.000000 593.638000 
1598512824320.000000 4843.898926 
1598512824320.000000 6058.185059 
1598512824320.000000 2269.937012 
1598512824320.000000 20.694000 
1598512824320.000000 239.050003 
1598512824320.000000 84.217003 
1598512824320.000000 132.231003 
1598512824320.000000 562.000977 
1598512824320.000000 1475.043945 
1598512824320.000000 2.539001 
1598512824320.000000 494.884003 
1598512824320.000000 379.166992 
1598512824320.000000 21.997999 
1598512824320.000000 868.328979 
1598512824320.000000 60.167999 
1598512824320.000000 201.719971 
1598512824320.000000 123.301003 
1598512824320.000000 222.044998 
1598512824320.000000 3976.810059 
1598512824320.000000 5.193000 
1598512824320.000000 114.302002 
1598512824320.000000 5494.608887 
1598512824320.000000 13.895000 
1598512824320.000000 4.030000 
1598512824320.000000 1666.651001 
1598512824320.000000 42.056999 
1598512824320.000000 412.648010 
1598512824320.000000 2745.698975 
1598512824320.000000 2.408000 
1598512824320.000000 2204.744141 
1598512824320.000000 110.124001 
1598512824320.000000 89.500999 
1598512824320.000000 187.373001 
1598512824320.000000 1375.588013 
1598512824320.000000 2469.846924 
1598512824320.000000 226.035995 
1598512824320.000000 12.035000 
1598512824320.000000 69.452003 
1598512824320.000000 10.716000 
1598512824320.000000 1974.115967 
1598512824320.000000 297.931000 
1598512824320.000000 235.599976 
1598512824320.000000 140.546005 
1598512824320.000000 182.764008 
1598512824320.000000 22.746000 
1598512824320.000000 157.615005 
1598512824320.000000 1518.339966 
1598512824320.000000 43.068001 
1598512824320.000000 630.158020 
1598512824320.000000 107.698997 
1598512824320.000000 10.919000 
1598512824320.000000 1446.366943 
1598512824320.000000 1675.640015 
1598512824320.000000 1856.355957 
1598512824320.000000 6331.296875 
1598512824320.000000 1039.546997 
1598512824320.000000 4983.283203 
1598512824320.000000 2214.072021 
1598512824320.000000 171.822006 
1598512824320.000000 200.464996 
1598512824320.000000 1082.185059 
1598512824320.000000 8554.077148 
1598512824320.000000 297.630005 
1598512824320.000000 1013.223999 
1598512824320.000000 6287.400879 
1598512824320.000000 126.049004 
1598512824320.000000 533.046021 
1598512824320.000000 72.676003 
1598512824320.000000 28.195999 
1598512824320.000000 37.442001 
1598512824320.000000 717.632996 
1598512824320.000000 1060.019043 
1598512824320.000000 378.619019 
1598512824320.000000 447.523987 
1598512824320.000000 4121.684082 
1598512824320.000000 14.981000 
1598512824320.000000 840.247986 
1598512824320.000000 276.891998 
1598512824320.000000 498.834015 
1598512824320.000000 20.041000 
1598512824320.000000 301.743988 
1598512824320.000000 120.333000 
1598512824320.000000 600.213989 
1598512824320.000000 186.979004 
1598512824320.000000 281.907013 
1598512824320.000000 2031.413940 
1598512955392.000000 65.378998 
1598512955392.000000 6934.567871 
1598512955392.000000 72.527000 
1598512955392.000000 3238.178955 
1598512955392.000000 121.857002 
1598512955392.000000 3860.604004 
1598512955392.000000 4164.824219 
1598512955392.000000 626.614014 
1598512955392.000000 2812.370117 
1598512955392.000000 1.615000 
1598512955392.000000 1289.335938 
1598512955392.000000 1223.457031 
1598512955392.000000 371.743011 
1598512955392.000000 2616.745117 
1598512955392.000000 216.242004 
1598512955392.000000 134.020004 
1598512955392.000000 397.855988 
1598512955392.000000 1378.210938 
1598512955392.000000 93.822998 
1598512955392.000000 186.399994 
1598512955392.000000 169.423004 
1598512955392.000000 191.289001 
1598512955392.000000 594.895996 
1598512955392.000000 2385.916992 
1598512955392.000000 161.151978 
1598512955392.000000 325.989014 
1598512955392.000000 28.513000 
1598512955392.000000 659.728027 
1598512955392.000000 1527.833984 
1598512955392.000000 31.163000 
1598512955392.000000 1149.973022 
1598512955392.000000 4047.006104 
1598512955392.000000 477.883972 
1598512955392.000000 298.208008 
1598512955392.000000 457.017029 
1598512955392.000000 265.190002 
1598512955392.000000 305.967010 
1598512955392.000000 18.038000 
1598512955392.000000 1235.868042 
1598512955392.000000 51.823002 
1598512955392.000000 45.429993 
1598512955392.000000 250.233994 
1598512955392.000000 75.848000 
1598512955392.000000 83.883003 
1598512955392.000000 1215.979004 
1598512955392.000000 377.294983 
1598512955392.000000 567.192017 
1598512955392.000000 8461.356445 
1598512955392.000000 156.065002 
1598512955392.000000 5.443000 
1598512955392.000000 81.482002 
1598512955392.000000 186.436996 
1598512955392.000000 1876.854004 
1598512955392.000000 401.390015 
1598512955392.000000 85.511002 
1598512955392.000000 1416.669922 
1598512955392.000000 178.227997 
1598512955392.000000 777.692993 
1598512955392.000000 1169.037964 
1598512955392.000000 501.319000 
1598512955392.000000 263.903015 
1598512955392.000000 164.714996 
1598512955392.000000 13.414000 
1598512955392.000000 9105.500000 
1598512955392.000000 389.337006 
1598512955392.000000 5680.876953 
1598512955392.000000 3.184000 
1598512955392.000000 5295.979980 
1598512955392.000000 874.955017 
1598512955392.000000 514.072021 
1598512955392.000000 318.515991 
1598512955392.000000 14.967000 
1598512955392.000000 8772.933594 
1598512955392.000000 660.044983 
1598512955392.000000 13.981018 
1598512955392.000000 4.995000 
1598512955392.000000 4467.284180 
1598512955392.000000 626.644043 
1598512955392.000000 8.379000 
1598512955392.000000 55.049000 
1598512955392.000000 11.786000 
1598512955392.000000 3131.099121 
1598512955392.000000 600.697021 
1598512955392.000000 5083.753906 
1598512955392.000000 232.715027 
1598512955392.000000 7.211000 
1598512955392.000000 4633.594727 
1598512955392.000000 95.385002 
1598512955392.000000 273.742981 
1598512955392.000000 4.805000 
1598512955392.000000 269.977997 
1598512955392.000000 449.618988 
1598512955392.000000 412.487976 
1598512955392.000000 340.588013 
1598512955392.000000 735.398987 
1598512955392.000000 23.974001 
1598512955392.000000 16.238001 
1598512955392.000000 279.424988 
1598512955392.000000 1469.814941 
1598512955392.000000 3058.907959 
1598512955392.000000 6130.545898 
1598512955392.000000 22.145000 
1598512955392.000000 862.889038 
1598513086464.000000 431.851013 
1598513086464.000000 182.352005 
1598513086464.000000 917.353027 
1598513086464.000000 315.460999 
1598513086464.000000 147.901001 
1598513086464.000000 154.432999 
1598513086464.000000 70.500000 
1598513086464.000000 2416.059082 
1598513086464.000000 62.098022 
1598513086464.000000 2664.142090 
1598513086464.000000 1351.283936 
1598513086464.000000 66.483002 
1598513086464.000000 1171.546997 
1598513086464.000000 138.584000 
1598513086464.000000 789.327026 
1598513086464.000000 42.669998 
1598513086464.000000 6.828000 
1598513086464.000000 223.016006 
1598513086464.000000 115.054001 
1598513086464.000000 146.880997 
1598513086464.000000 562.187012 
1598513086464.000000 419.175995 
1598513086464.000000 4656.592773 
1598513086464.000000 64.757004 
1598513086464.000000 900.880005 
1598513086464.000000 199.761002 
1598513086464.000000 1960.473999 
1598513086464.000000 108.295998 
1598513086464.000000 1534.379028 
1598513086464.000000 1157.332031 
1598513086464.000000 733.992004 
1598513086464.000000 242.524002 
1598513086464.000000 535.184021 
1598513086464.000000 110.333000 
1598513086464.000000 21.497999 
1598513086464.000000 2467.209961 
1598513086464.000000 137.214005 
1598513086464.000000 2995.090088 
1598513086464.000000 3.322000 
1598513086464.000000 26.282000 
1598513086464.000000 156.994003 
1598513086464.000000 20333.267578 
1598513086464.000000 70.348999 
1598513086464.000000 12.070000 
1598513086464.000000 64.629997 
1598513086464.000000 1808.578979 
1598513086464.000000 506.596985 
1598513086464.000000 518.014038 
1598513086464.000000 548.815002 
1598513086464.000000 4.619000 
1598513086464.000000 77.806999 
1598513086464.000000 308.747009 
1598513086464.000000 1469.156982 
1598513086464.000000 191.505997 
1598513086464.000000 145.718002 
1598513086464.000000 53.643002 
1598513086464.000000 1414.809082 
1598513086464.000000 35.008999 
1598513086464.000000 3.185000 
1598513086464.000000 56.027000 
1598513086464.000000 3384.904053 
1598513086464.000000 176.272003 
1598513086464.000000 2342.606934 
1598513086464.000000 172.981995 
1598513086464.000000 2228.949951 
1598513086464.000000 1328.437988 
1598513086464.000000 3234.263916 
1598513086464.000000 364.615997 
1598513086464.000000 637.942993 
1598513086464.000000 84.709999 
1598513086464.000000 11.396000 
1598513086464.000000 870.802979 
1598513086464.000000 374.834015 
1598513086464.000000 6136.990234 
1598513086464.000000 1072.979980 
1598513086464.000000 505.364990 
1598513086464.000000 86.485001 
1598513086464.000000 2006.536011 
1598513086464.000000 225.917999 
1598513086464.000000 815.651001 
1598513086464.000000 1742.198975 
1598513086464.000000 605.010986 
1598513086464.000000 167.628998 
1598513086464.000000 1365.536011 
1598513086464.000000 84.190002 
1598513086464.000000 1993.534058 
1598513086464.000000 1055.948975 
1598513086464.000000 339.740997 
1598513086464.000000 148.005997 
1598513086464.000000 4013.698975 
1598513086464.000000 2316.594971 
1598513086464.000000 748.838013 
1598513086464.000000 4371.043945 
1598513086464.000000 333.645996 
1598513086464.000000 67.070000 
1598513086464.000000 3785.862061 
1598513086464.000000 135.518005 
1598513086464.000000 5.047000 
1598513086464.000000 1943.326050 
1598513086464.000000 822.358032 
1598513086464.000000 13144.475586 
1598513086464.000000 1244.112061 
1598513086464.000000 26.205999 
1598513086464.000000 56.057999 
1598513086464.000000 64.646973 
1598513086464.000000 5768.354980 
1598513217536.000000 943.130981 
1598513217536.000000 8237.738281 
