1597288349696.000000 1732.259033 
1597288349696.000000 136.242004 
1597288349696.000000 32.653999 
1597288349696.000000 539.465027 
1597288349696.000000 333.572021 
1597288349696.000000 1249.286011 
1597288349696.000000 374.960999 
1597288349696.000000 42.611000 
1597288349696.000000 1.077000 
1597288349696.000000 45.805000 
1597288349696.000000 1264.538086 
1597288349696.000000 371.764008 
1597288349696.000000 12.491000 
1597288349696.000000 695.369995 
1597288349696.000000 47.320000 
1597288349696.000000 374.683014 
1597288349696.000000 16.400999 
1597288349696.000000 1791.981934 
1597288349696.000000 179.248001 
1597288349696.000000 449.340027 
1597288349696.000000 11.823000 
1597288349696.000000 5212.107910 
1597288349696.000000 8.270000 
1597288349696.000000 11.164000 
1597288349696.000000 164.393005 
1597288349696.000000 65.473000 
1597288349696.000000 58.839001 
1597288349696.000000 22.679001 
1597288349696.000000 497.967987 
1597288349696.000000 5.580000 
1597288349696.000000 408.966003 
1597288349696.000000 109.018997 
1597288349696.000000 173.121994 
1597288349696.000000 432.487000 
1597288349696.000000 9.349000 
1597288349696.000000 6.982000 
1597288349696.000000 656.997986 
1597288349696.000000 656.624023 
1597288349696.000000 284.830994 
1597288349696.000000 21.882000 
1597288349696.000000 95.771973 
1597288349696.000000 9.226000 
1597288349696.000000 736.296997 
1597288349696.000000 732.210999 
1597288349696.000000 2965.372070 
1597288349696.000000 130.326996 
1597288349696.000000 121.219002 
1597288349696.000000 1058.182983 
1597288349696.000000 110.846001 
1597288349696.000000 119.776001 
1597288349696.000000 2.841000 
1597288349696.000000 405.399994 
1597288349696.000000 346.908997 
1597288349696.000000 258.478027 
1597288349696.000000 558.510986 
1597288349696.000000 1504.057983 
1597288349696.000000 584.309021 
1597288349696.000000 586.908997 
1597288349696.000000 146.632996 
1597288349696.000000 47.396999 
1597288349696.000000 1715.405029 
1597288349696.000000 475.044006 
1597288349696.000000 3.618000 
1597288349696.000000 67.459999 
1597288349696.000000 167.233002 
1597288349696.000000 4.990000 
1597288349696.000000 71.143005 
1597288349696.000000 3038.216064 
1597288349696.000000 34.268002 
1597288349696.000000 325.459015 
1597288349696.000000 49.675999 
1597288349696.000000 573.442993 
1597288349696.000000 52.084999 
1597288349696.000000 665.788025 
1597288349696.000000 1.970000 
1597288349696.000000 1767.670044 
1597288349696.000000 337.682007 
1597288349696.000000 5.020000 
1597288349696.000000 1643.778076 
1597288349696.000000 37.320999 
1597288349696.000000 77.884003 
1597288349696.000000 18.292000 
1597288349696.000000 507.244995 
1597288349696.000000 1662.304932 
1597288349696.000000 45.341000 
1597288349696.000000 320.148010 
1597288349696.000000 114.871002 
1597288349696.000000 1563.969971 
1597288349696.000000 356.151001 
1597288349696.000000 5313.645996 
1597288349696.000000 1547.984009 
1597288349696.000000 189.414993 
1597288349696.000000 47.255001 
1597288349696.000000 6.027000 
1597288349696.000000 9.818000 
1597288349696.000000 0.706000 
1597288349696.000000 27.344999 
1597288349696.000000 287.109009 
1597288349696.000000 1962.838989 
1597288349696.000000 124.339996 
1597288349696.000000 2.206000 
1597288349696.000000 4028.813965 
1597288349696.000000 66.235001 
1597288349696.000000 172.387024 
1597288349696.000000 70.129997 
1597288349696.000000 46.629002 
1597288349696.000000 608.189026 
1597288349696.000000 19.007999 
1597288349696.000000 120.678001 
1597288349696.000000 1150.021973 
1597288480768.000000 260.679993 
1597288480768.000000 4852.328125 
1597288480768.000000 794.413025 
1597288480768.000000 15.124000 
1597288480768.000000 364.023010 
1597288480768.000000 349.631989 
1597288480768.000000 3.173000 
1597288480768.000000 212.738998 
1597288480768.000000 27.229000 
1597288480768.000000 775.442993 
1597288480768.000000 30.540001 
1597288480768.000000 1.846000 
1597288480768.000000 16.785000 
1597288480768.000000 1.544000 
1597288480768.000000 837.854004 
1597288480768.000000 1264.973022 
1597288480768.000000 26.201000 
1597288480768.000000 103.836998 
1597288480768.000000 30.893000 
1597288480768.000000 398.245972 
1597288480768.000000 585.994019 
1597288480768.000000 315.546021 
1597288480768.000000 290.098999 
1597288480768.000000 31.457001 
1597288480768.000000 2547.127930 
1597288480768.000000 1562.309082 
1597288480768.000000 1053.145020 
1597288480768.000000 1791.067993 
1597288480768.000000 172.283005 
1597288480768.000000 3.231000 
1597288480768.000000 69.351997 
1597288480768.000000 99.200996 
1597288480768.000000 5.254000 
1597288480768.000000 1210.407959 
1597288480768.000000 800.560974 
1597288480768.000000 109.502991 
1597288480768.000000 62.584000 
1597288480768.000000 13.218000 
1597288480768.000000 573.755005 
1597288480768.000000 1303.360962 
1597288480768.000000 15.552979 
1597288480768.000000 127.335999 
1597288480768.000000 682.783997 
1597288480768.000000 42.071999 
1597288480768.000000 169.619995 
1597288480768.000000 869.525024 
1597288480768.000000 79.800003 
1597288480768.000000 629.507996 
1597288480768.000000 724.818970 
1597288480768.000000 10.206000 
1597288480768.000000 1484.436035 
1597288480768.000000 11.141000 
1597288480768.000000 108.774002 
1597288480768.000000 44.673000 
1597288480768.000000 971.278015 
1597288480768.000000 302.375000 
1597288480768.000000 327.273987 
1597288480768.000000 502.524994 
1597288480768.000000 224.315994 
1597288480768.000000 401.678009 
1597288480768.000000 63.453999 
1597288480768.000000 499.248993 
1597288480768.000000 810.351013 
1597288480768.000000 5.484000 
1597288480768.000000 183.871994 
1597288480768.000000 79.322998 
1597288480768.000000 118.095001 
1597288480768.000000 36.410999 
1597288480768.000000 6.662000 
1597288480768.000000 650.945007 
1597288480768.000000 6.760000 
1597288480768.000000 389.358002 
1597288480768.000000 112.313004 
1597288480768.000000 719.839966 
1597288480768.000000 1048.167969 
1597288480768.000000 2377.046875 
1597288480768.000000 387.932983 
1597288480768.000000 508.136993 
1597288480768.000000 15.882000 
1597288480768.000000 1.599000 
1597288480768.000000 691.265015 
1597288480768.000000 25.749001 
1597288480768.000000 253.617996 
1597288480768.000000 849.422974 
1597288480768.000000 597.429993 
1597288480768.000000 388.903015 
1597288480768.000000 19.398001 
1597288480768.000000 269.428009 
1597288480768.000000 3.625000 
1597288480768.000000 2.878000 
1597288480768.000000 8.097000 
1597288480768.000000 561.802979 
1597288480768.000000 1331.812988 
1597288480768.000000 107.296997 
1597288480768.000000 306.780029 
1597288480768.000000 10.353000 
1597288480768.000000 453.740997 
1597288480768.000000 6.393000 
1597288480768.000000 355.112000 
1597288480768.000000 57.921997 
1597288480768.000000 82.302002 
1597288480768.000000 568.072998 
1597288480768.000000 3503.765137 
1597288480768.000000 2320.198975 
1597288480768.000000 516.203003 
1597288480768.000000 798.473999 
1597288480768.000000 182.291016 
1597288480768.000000 311.109009 
1597288480768.000000 317.191986 
1597288480768.000000 0.851000 
1597288480768.000000 258.472992 
1597288480768.000000 628.377991 
1597288480768.000000 35.882999 
1597288480768.000000 2533.195068 
1597288480768.000000 2.720000 
1597288480768.000000 840.331970 
1597288480768.000000 72.190979 
1597288480768.000000 873.018005 
1597288480768.000000 20.391001 
1597288480768.000000 52.860001 
1597288480768.000000 160.091980 
1597288480768.000000 251.057999 
1597288480768.000000 1650.260010 
1597288480768.000000 2.313000 
1597288480768.000000 205.192001 
1597288480768.000000 0.489000 
1597288480768.000000 393.748993 
1597288480768.000000 44.546001 
1597288480768.000000 55.549000 
1597288480768.000000 1712.683960 
1597288480768.000000 39.398998 
1597288480768.000000 1512.778076 
1597288480768.000000 30.539001 
1597288480768.000000 478.798004 
1597288480768.000000 12.200000 
1597288480768.000000 36.632999 
1597288480768.000000 126.762001 
1597288480768.000000 933.185974 
1597288480768.000000 3984.218994 
1597288480768.000000 4303.878906 
1597288480768.000000 1.462000 
1597288480768.000000 0.805000 
1597288480768.000000 615.480957 
1597288480768.000000 23.093000 
1597288480768.000000 65.585999 
1597288480768.000000 7.842000 
1597288480768.000000 212.177994 
1597288480768.000000 215.414978 
1597288480768.000000 1038.150024 
1597288480768.000000 1362.255981 
1597288480768.000000 5050.234863 
1597288480768.000000 22.954000 
1597288480768.000000 193.699997 
1597288480768.000000 548.645996 
1597288480768.000000 4111.256836 
1597288480768.000000 568.010010 
1597288480768.000000 17.311001 
1597288480768.000000 237.461975 
1597288480768.000000 531.882996 
1597288480768.000000 10.648000 
1597288480768.000000 29.299000 
1597288480768.000000 8.680000 
1597288480768.000000 34.665001 
1597288480768.000000 207.546997 
1597288480768.000000 138.686996 
1597288480768.000000 1836.218994 
1597288480768.000000 1029.833984 
1597288480768.000000 137.298004 
1597288480768.000000 50.603001 
1597288480768.000000 73.070000 
1597288480768.000000 13.217000 
1597288480768.000000 72.515999 
1597288480768.000000 56.622002 
1597288480768.000000 12.085000 
1597288480768.000000 7.661000 
1597288480768.000000 3.727000 
1597288480768.000000 5.025000 
1597288480768.000000 222.839996 
1597288480768.000000 2039.347046 
1597288480768.000000 70.610001 
1597288480768.000000 1185.478027 
1597288480768.000000 205.489014 
1597288480768.000000 362.937012 
1597288480768.000000 18.886999 
1597288480768.000000 614.162964 
1597288480768.000000 2.510000 
1597288480768.000000 58.026001 
1597288480768.000000 24.375999 
1597288480768.000000 3.815000 
1597288480768.000000 55.429001 
1597288480768.000000 10.209000 
1597288480768.000000 710.414001 
1597288480768.000000 227.578995 
1597288480768.000000 2.886000 
1597288480768.000000 9.160000 
1597288480768.000000 993.781982 
1597288480768.000000 72.608002 
1597288480768.000000 891.158020 
1597288480768.000000 1043.687012 
1597288480768.000000 246.238998 
1597288480768.000000 44.812000 
1597288480768.000000 535.338013 
1597288480768.000000 389.304993 
1597288480768.000000 31.798000 
1597288480768.000000 147.365997 
1597288480768.000000 2.815000 
1597288480768.000000 2060.899902 
1597288480768.000000 49.208000 
1597288480768.000000 5.658000 
1597288480768.000000 1818.229980 
1597288480768.000000 41.688000 
1597288480768.000000 25.834999 
1597288480768.000000 7.014000 
1597288480768.000000 550.999023 
1597288480768.000000 4.912000 
1597288480768.000000 17.577000 
1597288480768.000000 56.680000 
1597288480768.000000 17.138000 
1597288480768.000000 14.325000 
1597288480768.000000 1343.640991 
1597288480768.000000 67.444000 
1597288480768.000000 4.533000 
1597288480768.000000 168.080002 
1597288480768.000000 506.561005 
1597288480768.000000 69.419998 
1597288480768.000000 56.161999 
1597288480768.000000 7304.749023 
1597288480768.000000 2920.001953 
1597288480768.000000 250.905029 
1597288480768.000000 33.264000 
1597288480768.000000 107.445999 
1597288480768.000000 354.256012 
1597288480768.000000 1.824000 
1597288480768.000000 160.912003 
1597288480768.000000 1498.170044 
1597288480768.000000 27.559999 
1597288480768.000000 3735.669922 
1597288480768.000000 1901.895020 
1597288480768.000000 187.981018 
1597288611840.000000 114.271004 
1597288611840.000000 20.521000 
1597288611840.000000 302.460999 
1597288611840.000000 364.694000 
1597288611840.000000 217.013977 
1597288611840.000000 422.677002 
1597288611840.000000 319.312988 
1597288611840.000000 44.967999 
1597288611840.000000 39.598000 
1597288611840.000000 86.287003 
1597288611840.000000 29.981995 
1597288611840.000000 599.526978 
1597288611840.000000 148.867996 
1597288611840.000000 1.641000 
1597288611840.000000 136.227005 
1597288611840.000000 72.723999 
1597288611840.000000 82.835022 
1597288611840.000000 7.116000 
1597288611840.000000 162.524002 
1597288611840.000000 168.455994 
1597288611840.000000 4190.985840 
1597288611840.000000 417.883972 
1597288611840.000000 328.510010 
1597288611840.000000 2055.762939 
1597288611840.000000 448.450989 
1597288611840.000000 700.562012 
1597288611840.000000 20.382000 
1597288611840.000000 1.441000 
1597288611840.000000 147.117996 
1597288611840.000000 40.264999 
1597288611840.000000 4.817000 
1597288611840.000000 397.971985 
1597288611840.000000 326.269012 
1597288611840.000000 16.297001 
1597288611840.000000 58.825001 
1597288611840.000000 530.094971 
1597288611840.000000 62.051998 
1597288611840.000000 103.613998 
1597288611840.000000 374.904999 
1597288611840.000000 38.160999 
1597288611840.000000 42.924999 
1597288611840.000000 142.783005 
1597288611840.000000 1380.394043 
1597288611840.000000 172.468994 
1597288611840.000000 200.268005 
1597288611840.000000 45.206001 
1597288611840.000000 1354.078979 
1597288611840.000000 653.677002 
1597288611840.000000 3523.039062 
1597288611840.000000 188.682007 
1597288611840.000000 425.308014 
1597288611840.000000 39.331001 
1597288611840.000000 894.135986 
1597288611840.000000 1771.259033 
1597288611840.000000 21.419001 
1597288611840.000000 312.675995 
1597288611840.000000 2449.811035 
1597288611840.000000 2188.250977 
1597288611840.000000 5.587000 
1597288611840.000000 1400.853027 
1597288611840.000000 191.164978 
1597288611840.000000 125.056000 
1597288611840.000000 11.747000 
1597288611840.000000 529.127991 
1597288611840.000000 9.385000 
1597288611840.000000 434.203003 
1597288611840.000000 641.807983 
1597288611840.000000 472.291992 
1597288611840.000000 20.846001 
1597288611840.000000 733.239014 
1597288611840.000000 39.630001 
1597288611840.000000 436.518005 
1597288611840.000000 1.949000 
1597288611840.000000 1186.978027 
1597288611840.000000 1184.870972 
1597288611840.000000 193.202026 
1597288611840.000000 360.813995 
1597288611840.000000 149.768997 
1597288611840.000000 126.703003 
1597288611840.000000 1517.717041 
1597288611840.000000 1499.911011 
1597288611840.000000 2328.374023 
1597288611840.000000 75.745003 
1597288611840.000000 1165.718018 
1597288611840.000000 1030.151001 
1597288611840.000000 61.637001 
1597288611840.000000 8.849000 
1597288611840.000000 31.250999 
1597288611840.000000 23.160999 
1597288611840.000000 1550.675049 
1597288611840.000000 690.408020 
1597288611840.000000 168.001999 
1597288611840.000000 378.382019 
1597288611840.000000 1335.566040 
1597288611840.000000 146.266006 
1597288611840.000000 761.528015 
1597288611840.000000 20.028000 
1597288611840.000000 200.416000 
1597288611840.000000 112.484001 
1597288611840.000000 1737.908936 
1597288611840.000000 0.743000 
1597288611840.000000 278.859009 
1597288611840.000000 828.552002 
1597288611840.000000 1082.456055 
1597288611840.000000 8.313000 
1597288611840.000000 1132.791016 
1597288611840.000000 65.712997 
1597288611840.000000 20.752014 
1597288611840.000000 401.928986 
1597288611840.000000 2466.626953 
1597288611840.000000 887.275024 
1597288611840.000000 197.617996 
1597288611840.000000 195.466003 
1597288611840.000000 1854.458984 
1597288611840.000000 569.062012 
1597288611840.000000 55.665001 
1597288611840.000000 86.629997 
1597288611840.000000 2515.427979 
1597288611840.000000 12.524000 
1597288611840.000000 107.876999 
1597288611840.000000 52.520000 
1597288611840.000000 4354.664062 
1597288611840.000000 3759.528076 
1597288611840.000000 124.866997 
1597288611840.000000 329.838013 
1597288611840.000000 13.744000 
1597288611840.000000 52.684998 
1597288611840.000000 2871.797852 
1597288611840.000000 591.881958 
1597288611840.000000 253.505005 
1597288611840.000000 276.742981 
1597288611840.000000 2480.249023 
1597288611840.000000 18.485001 
1597288611840.000000 24.719999 
1597288611840.000000 293.533997 
1597288611840.000000 203.021973 
1597288611840.000000 17.822001 
1597288611840.000000 1.039000 
1597288611840.000000 3007.493896 
1597288611840.000000 468.473999 
1597288611840.000000 87.577003 
1597288611840.000000 81.832001 
1597288611840.000000 2142.190918 
1597288611840.000000 88.005997 
1597288611840.000000 12.388000 
1597288611840.000000 218.825989 
1597288611840.000000 2516.450928 
1597288611840.000000 225.593994 
1597288611840.000000 23.032000 
1597288611840.000000 203.802979 
1597288611840.000000 99.121002 
1597288611840.000000 141.453003 
1597288611840.000000 177.156006 
1597288611840.000000 24.371000 
1597288611840.000000 284.596985 
1597288611840.000000 225.703979 
1597288611840.000000 30.660999 
1597288611840.000000 59.875999 
1597288611840.000000 11.653000 
1597288611840.000000 43.056999 
1597288611840.000000 45.243999 
1597288611840.000000 63.870998 
1597288611840.000000 3649.309082 
1597288611840.000000 25.962000 
1597288611840.000000 63.375000 
1597288611840.000000 25.247999 
1597288611840.000000 182.182999 
1597288611840.000000 23.625999 
1597288611840.000000 440.087006 
1597288611840.000000 1.927000 
1597288611840.000000 2862.022949 
1597288611840.000000 108.161003 
1597288611840.000000 406.447998 
1597288611840.000000 3951.933105 
1597288611840.000000 55.820000 
1597288611840.000000 3230.809082 
1597288611840.000000 26.372999 
1597288611840.000000 10.552000 
1597288611840.000000 35.068001 
1597288611840.000000 52.592999 
1597288611840.000000 427.377014 
1597288611840.000000 50.997002 
1597288611840.000000 1187.099976 
1597288611840.000000 4322.852051 
1597288611840.000000 3384.166016 
1597288611840.000000 961.609985 
1597288611840.000000 1084.766968 
1597288611840.000000 1460.924072 
1597288611840.000000 893.431030 
1597288611840.000000 303.118011 
1597288611840.000000 117.872002 
1597288611840.000000 2396.854980 
1597288611840.000000 327.492004 
1597288611840.000000 439.130005 
1597288611840.000000 158.698975 
1597288611840.000000 506.087006 
1597288611840.000000 190.841003 
1597288611840.000000 136.492004 
1597288611840.000000 198.577026 
1597288611840.000000 1259.384033 
1597288611840.000000 13.697000 
1597288611840.000000 29.083000 
1597288611840.000000 31.723000 
1597288611840.000000 517.151001 
1597288611840.000000 1458.890991 
1597288742912.000000 1.010000 
1597288742912.000000 11.985000 
1597288742912.000000 0.533000 
1597288742912.000000 3448.141113 
1597288742912.000000 487.700012 
1597288742912.000000 2.081000 
1597288742912.000000 420.490997 
1597288742912.000000 49.928001 
1597288742912.000000 25.889000 
1597288742912.000000 20.767000 
1597288742912.000000 144.675003 
1597288742912.000000 810.799011 
1597288742912.000000 125.681999 
1597288742912.000000 28.485001 
1597288742912.000000 319.393005 
1597288742912.000000 478.572998 
1597288742912.000000 47.099998 
1597288742912.000000 0.816000 
1597288742912.000000 206.867004 
1597288742912.000000 290.304993 
1597288742912.000000 204.391006 
1597288742912.000000 106.348000 
1597288742912.000000 7.645000 
1597288742912.000000 36.307999 
1597288742912.000000 48.331001 
1597288742912.000000 2610.218018 
1597288742912.000000 136.526001 
1597288742912.000000 338.175995 
1597288742912.000000 7.059000 
1597288742912.000000 3895.310059 
1597288742912.000000 356.474976 
1597288742912.000000 172.345993 
1597288742912.000000 1663.029053 
1597288742912.000000 62.514999 
1597288742912.000000 89.273987 
1597288742912.000000 415.598999 
1597288742912.000000 86.066002 
1597288742912.000000 60.310001 
1597288742912.000000 1455.145020 
1597288742912.000000 1523.093018 
1597288742912.000000 38.639999 
1597288742912.000000 105.057999 
1597288742912.000000 182.072998 
1597288742912.000000 35.882999 
1597288742912.000000 107.181030 
1597288742912.000000 18.368999 
1597288742912.000000 1969.034058 
1597288742912.000000 629.708984 
1597288742912.000000 88.439003 
1597288742912.000000 1701.407959 
1597288742912.000000 2131.196045 
1597288742912.000000 11.533000 
1597288742912.000000 686.963989 
1597288742912.000000 121.037003 
1597288742912.000000 98.980003 
1597288742912.000000 151.992996 
1597288742912.000000 30.983000 
1597288742912.000000 2382.900879 
1597288742912.000000 1736.336914 
1597288742912.000000 6.828000 
1597288742912.000000 7.517000 
1597288742912.000000 56.473000 
1597288742912.000000 126.645020 
1597288742912.000000 1138.344971 
1597288742912.000000 867.960999 
1597288742912.000000 22.313000 
1597288742912.000000 220.617004 
1597288742912.000000 26.936001 
1597288742912.000000 14.026000 
1597288742912.000000 2.381000 
1597288742912.000000 270.303986 
1597288742912.000000 155.628998 
1597288742912.000000 45.028999 
1597288742912.000000 922.200989 
1597288742912.000000 94.320000 
1597288742912.000000 270.237000 
1597288742912.000000 88.165001 
1597288742912.000000 177.302994 
1597288742912.000000 636.481018 
1597288742912.000000 153.882996 
1597288742912.000000 149.897003 
