1598513217536.000000 1468.939941 
1598513217536.000000 5560.043945 
1598513348608.000000 351.154999 
1598513348608.000000 356.621002 
1598513348608.000000 1836.474976 
1598513348608.000000 56.825001 
1598513348608.000000 1422.929932 
1598513348608.000000 4443.725098 
1598513348608.000000 1750.314941 
1598513348608.000000 1674.311035 
1598513348608.000000 54.126999 
1598513348608.000000 94.124001 
1598513348608.000000 101.184998 
1598513348608.000000 1325.468018 
1598513348608.000000 7.996000 
1598513348608.000000 269.437988 
1598513348608.000000 21.268000 
1598513348608.000000 366.627991 
1598513348608.000000 201.615005 
1598513348608.000000 1995.094971 
1598513348608.000000 37.980999 
1598513348608.000000 2642.010010 
1598513348608.000000 32.882000 
1598513348608.000000 440.694000 
1598513348608.000000 1665.691040 
1598513348608.000000 4036.896973 
1598513348608.000000 2.823000 
1598513348608.000000 542.429016 
1598513348608.000000 27.535000 
1598513348608.000000 896.333984 
1598513348608.000000 4.209000 
1598513348608.000000 418.877014 
1598513348608.000000 435.848999 
1598513348608.000000 245.546997 
1598513348608.000000 137.594971 
1598513348608.000000 260.317993 
1598513348608.000000 151.570999 
1598513348608.000000 440.209991 
1598513348608.000000 185.388000 
1598513348608.000000 563.437012 
1598513348608.000000 2746.573975 
1598513348608.000000 557.773010 
1598513348608.000000 43.423000 
1598513348608.000000 1302.880981 
1598513348608.000000 29.132000 
1598513348608.000000 160.481995 
1598513348608.000000 964.723999 
1598513348608.000000 165.061996 
1598513348608.000000 5102.733887 
1598513348608.000000 1168.249023 
1598513348608.000000 9.292000 
1598513348608.000000 515.612000 
1598513348608.000000 4774.307129 
1598513348608.000000 40.061001 
1598513348608.000000 19.855000 
1598513348608.000000 251.919998 
1598513348608.000000 1606.151978 
1598513348608.000000 19.863001 
1598513348608.000000 3089.673096 
1598513348608.000000 3.034000 
1598513348608.000000 2277.447998 
1598513348608.000000 285.096985 
1598513348608.000000 17.153000 
1598513348608.000000 224.504028 
1598513348608.000000 1.478000 
1598513348608.000000 14.471000 
1598513348608.000000 376.868011 
1598513348608.000000 240.884003 
1598513348608.000000 356.440979 
1598513348608.000000 26.143999 
1598513348608.000000 24.072001 
1598513348608.000000 26.983999 
1598513348608.000000 13.088000 
1598513348608.000000 129.011002 
1598513348608.000000 971.549988 
1598513348608.000000 2017.769043 
1598513348608.000000 1721.385986 
1598513348608.000000 523.965027 
1598513348608.000000 328.520996 
1598513348608.000000 34.314999 
1598513348608.000000 921.588013 
1598513348608.000000 238.906006 
1598513348608.000000 1954.781982 
1598513348608.000000 30.951000 
1598513348608.000000 171.380005 
1598513348608.000000 2456.095947 
1598513348608.000000 1477.083984 
1598513348608.000000 244.132004 
1598513348608.000000 442.365997 
1598513348608.000000 40.320999 
1598513348608.000000 20.330000 
1598513348608.000000 603.249023 
1598513348608.000000 101.957001 
1598513348608.000000 688.348022 
1598513348608.000000 185.757004 
1598513348608.000000 323.480988 
1598513348608.000000 648.895020 
1598513348608.000000 8.358000 
1598513348608.000000 193.802994 
1598513348608.000000 1097.158936 
1598513348608.000000 166.537994 
1598513348608.000000 3178.405029 
1598513348608.000000 377.209991 
1598513348608.000000 2241.166992 
1598513348608.000000 6269.830078 
1598513348608.000000 729.921021 
1598513348608.000000 2874.381104 
1598513348608.000000 4807.187988 
1598513348608.000000 27.615999 
1598513348608.000000 142.940994 
1598513348608.000000 18.521000 
1598513348608.000000 160.565994 
1598513348608.000000 203.528000 
1598513348608.000000 5.182000 
1598513348608.000000 1491.385010 
1598513348608.000000 597.639038 
1598513348608.000000 870.955017 
1598513348608.000000 32.278000 
1598513348608.000000 37.953999 
1598513348608.000000 831.166016 
1598513348608.000000 784.360962 
1598513348608.000000 6.054000 
1598513348608.000000 960.609985 
1598513348608.000000 10.799000 
1598513348608.000000 5.566000 
1598513348608.000000 724.414001 
1598513348608.000000 598.205017 
1598513348608.000000 1235.130981 
1598513348608.000000 909.460022 
1598513348608.000000 4108.887207 
1598513348608.000000 1064.279053 
1598513348608.000000 78.904999 
1598513348608.000000 2963.539062 
1598513348608.000000 161.834000 
1598513348608.000000 6.272000 
1598513348608.000000 33.054001 
1598513348608.000000 13.313000 
1598513348608.000000 111.112000 
1598513348608.000000 3834.843018 
1598513348608.000000 476.098999 
1598513348608.000000 4.311000 
1598513348608.000000 351.943970 
1598513348608.000000 367.726013 
1598513348608.000000 609.134033 
1598513348608.000000 7086.152832 
1598513348608.000000 345.191986 
1598513348608.000000 139.307999 
1598513348608.000000 20.113001 
1598513348608.000000 1188.093018 
1598513479680.000000 8895.422852 
1598513479680.000000 3111.627930 
1598513479680.000000 2721.869141 
1598513479680.000000 488.574005 
1598513479680.000000 10.749000 
1598513479680.000000 392.488007 
1598513479680.000000 1168.126953 
1598513479680.000000 838.000000 
1598513479680.000000 3095.981934 
1598513479680.000000 140.395004 
1598513479680.000000 494.088989 
1598513479680.000000 970.008972 
1598513479680.000000 4804.381836 
1598513479680.000000 674.784973 
1598513479680.000000 617.170044 
1598513479680.000000 185.615005 
1598513479680.000000 248.132004 
1598513479680.000000 806.773010 
1598513479680.000000 8016.547852 
1598513479680.000000 22.974001 
1598513479680.000000 65.344002 
1598513479680.000000 1989.366943 
1598513479680.000000 133.380005 
1598513479680.000000 76.750977 
1598513479680.000000 1462.735962 
1598513479680.000000 154.798004 
1598513479680.000000 1921.887939 
1598513479680.000000 850.869019 
1598513479680.000000 370.186005 
1598513479680.000000 3194.177002 
1598513479680.000000 1847.355957 
1598513479680.000000 3730.537109 
1598513479680.000000 37.474998 
1598513479680.000000 141.970001 
1598513479680.000000 258.209991 
1598513479680.000000 13.360000 
1598513479680.000000 1383.609985 
1598513479680.000000 3823.554932 
1598513479680.000000 54.053001 
1598513479680.000000 314.681000 
1598513479680.000000 6630.583984 
1598513479680.000000 37.557999 
1598513479680.000000 20.690001 
1598513479680.000000 6.754000 
1598513479680.000000 4724.378906 
1598513479680.000000 12407.019531 
1598513479680.000000 2827.308105 
1598513479680.000000 142.651993 
1598513479680.000000 111.541000 
1598513479680.000000 375.699005 
1598513479680.000000 341.021973 
1598513479680.000000 4.291000 
1598513479680.000000 468.127991 
1598513479680.000000 242.559998 
1598513479680.000000 196.862000 
1598513479680.000000 8.073000 
1598513479680.000000 8467.839844 
1598513479680.000000 4746.270020 
1598513479680.000000 143.766998 
1598513479680.000000 1067.197998 
1598513479680.000000 4712.056152 
1598513479680.000000 288.307007 
1598513479680.000000 30.773001 
1598513479680.000000 133.994003 
1598513479680.000000 84.571999 
1598513479680.000000 2.765000 
1598513479680.000000 432.758972 
1598513479680.000000 3920.873047 
1598513479680.000000 9.122000 
1598513479680.000000 30.325001 
1598513479680.000000 3039.186035 
1598513479680.000000 536.020996 
1598513479680.000000 29.962999 
1598513479680.000000 1590.237061 
1598513479680.000000 110.486000 
1598513479680.000000 295.425995 
1598513479680.000000 343.752991 
1598513479680.000000 6154.730957 
1598513479680.000000 2844.772949 
1598513610752.000000 437.494995 
1598513610752.000000 3968.043945 
1598513610752.000000 465.283997 
1598513610752.000000 179.270004 
1598513610752.000000 1171.702026 
1598513610752.000000 70.748001 
1598513610752.000000 23.655001 
1598513610752.000000 504.737000 
1598513610752.000000 331.424011 
1598513610752.000000 54.515999 
1598513610752.000000 15652.689453 
1598513610752.000000 5.938000 
1598513610752.000000 3328.846924 
1598513610752.000000 3231.372070 
1598513610752.000000 6483.319824 
1598513610752.000000 2.188000 
1598513610752.000000 20.072001 
1598513610752.000000 7.955000 
1598513610752.000000 672.000000 
1598513610752.000000 1969.689941 
1598513610752.000000 6459.811035 
1598513610752.000000 52.279999 
1598513610752.000000 49.564999 
1598513610752.000000 1551.897949 
1598513610752.000000 277.359009 
1598513610752.000000 192.617996 
1598513610752.000000 579.953003 
1598513610752.000000 4136.790039 
1598513610752.000000 164.873993 
1598513610752.000000 1054.298950 
1598513610752.000000 50.848000 
1598513610752.000000 6276.510742 
1598513610752.000000 1288.168945 
1598513610752.000000 1173.976074 
1598513610752.000000 10.173000 
1598513610752.000000 567.320007 
1598513610752.000000 64.416000 
1598513610752.000000 721.507996 
1598513610752.000000 4830.693848 
1598513610752.000000 48.053001 
1598513610752.000000 22.950001 
1598513610752.000000 416.839996 
1598513610752.000000 911.130981 
1598513610752.000000 1277.026978 
1598513610752.000000 1110.457031 
1598513610752.000000 44.230999 
1598513610752.000000 332.295013 
1598513610752.000000 476.149994 
1598513610752.000000 1617.489990 
1598513610752.000000 1896.156006 
1598513610752.000000 8.087000 
1598513610752.000000 1735.265015 
1598513610752.000000 35.766998 
1598513610752.000000 3450.491943 
1598513610752.000000 4073.498047 
1598513610752.000000 20.056000 
1598513610752.000000 3638.757080 
1598513610752.000000 320.669006 
1598513610752.000000 38.536999 
1598513610752.000000 989.593994 
1598513610752.000000 19.493000 
1598513610752.000000 65.405998 
1598513610752.000000 67.806999 
1598513610752.000000 1824.311035 
1598513610752.000000 165.628998 
1598513610752.000000 3019.933105 
1598513610752.000000 2162.885986 
1598513610752.000000 75.266998 
1598513610752.000000 10.129000 
1598513610752.000000 798.575989 
1598513610752.000000 220.031006 
1598513610752.000000 1563.299072 
1598513610752.000000 273.183990 
1598513610752.000000 8.844000 
1598513610752.000000 1319.927002 
1598513610752.000000 230.653000 
1598513610752.000000 142.210007 
1598513610752.000000 192.210007 
1598513610752.000000 1269.259033 
1598513610752.000000 2859.569092 
1598513610752.000000 930.614990 
1598513610752.000000 21.386999 
1598513610752.000000 18.028999 
1598513610752.000000 1377.668945 
1598513610752.000000 31.523001 
1598513610752.000000 4.081000 
1598513610752.000000 246.522995 
1598513610752.000000 418.875000 
1598513610752.000000 1378.363037 
1598513610752.000000 1208.959961 
1598513610752.000000 301.967010 
1598513610752.000000 149.625977 
