1597307224064.000000 4.985000 
1597307224064.000000 42.925999 
1597307224064.000000 459.397003 
1597307224064.000000 198.306030 
1597307224064.000000 2188.645996 
1597307224064.000000 2922.972900 
1597307224064.000000 215.899002 
1597307224064.000000 942.958008 
1597307224064.000000 516.591003 
1597307224064.000000 35.070007 
1597307224064.000000 827.554016 
1597307224064.000000 25.955000 
1597307224064.000000 62.084000 
1597307224064.000000 72.895996 
1597307224064.000000 42.284000 
1597307224064.000000 516.987000 
1597307224064.000000 3470.498047 
1597307224064.000000 2297.729980 
1597307224064.000000 80.391998 
1597307224064.000000 4296.450195 
1597307224064.000000 1066.922974 
1597307224064.000000 582.757996 
1597307224064.000000 104.595001 
1597307224064.000000 23.879000 
1597307224064.000000 483.696014 
1597307224064.000000 2939.460938 
1597307224064.000000 40.014999 
1597307224064.000000 24.075001 
1597307224064.000000 880.036987 
1597307224064.000000 3748.634033 
1597307224064.000000 1084.515991 
1597307224064.000000 1352.032959 
1597307224064.000000 1019.724976 
1597307224064.000000 1277.733032 
1597307224064.000000 867.068970 
1597307224064.000000 9.279000 
1597307224064.000000 210.432999 
1597307224064.000000 163.623001 
1597307224064.000000 2.706000 
1597307224064.000000 5080.259766 
1597307224064.000000 25.495001 
1597307224064.000000 0.983000 
1597307224064.000000 494.506012 
1597307224064.000000 143.272995 
1597307224064.000000 786.278992 
1597307224064.000000 527.539978 
1597307224064.000000 1504.710938 
1597307224064.000000 74.289001 
1597307224064.000000 214.479996 
1597307224064.000000 1248.123047 
1597307224064.000000 114.778000 
1597307224064.000000 449.771973 
1597307224064.000000 1011.619019 
1597307224064.000000 4103.979980 
1597307224064.000000 623.882996 
1597307224064.000000 4711.327148 
1597307224064.000000 47.695999 
1597307224064.000000 96.100998 
1597307224064.000000 212.518005 
1597307224064.000000 708.905029 
1597307224064.000000 321.111023 
1597307224064.000000 442.449005 
1597307224064.000000 553.358032 
1597307224064.000000 37.202000 
1597307224064.000000 19.225000 
1597307224064.000000 3881.218994 
1597307224064.000000 56.485001 
1597307224064.000000 904.692993 
1597307224064.000000 82.986000 
1597307224064.000000 345.248993 
1597307224064.000000 214.014008 
1597307224064.000000 1153.172974 
1597307224064.000000 1682.196045 
1597307224064.000000 4216.351074 
1597307224064.000000 315.974976 
1597307224064.000000 293.295013 
1597307224064.000000 4212.569824 
1597307224064.000000 665.865967 
1597307224064.000000 821.153992 
1597307224064.000000 5078.254883 
1597307224064.000000 18.642000 
1597307224064.000000 92.694000 
1597307224064.000000 36.144001 
1597307224064.000000 36.278000 
1597307224064.000000 1163.597046 
1597307224064.000000 5348.691895 
1597307224064.000000 5.864000 
1597307224064.000000 719.094971 
1597307224064.000000 148.412994 
1597307224064.000000 6750.546875 
1597307224064.000000 236.612000 
1597307224064.000000 241.001007 
1597307224064.000000 397.947021 
1597307224064.000000 427.597992 
1597307224064.000000 4086.534912 
1597307224064.000000 157.806000 
1597307224064.000000 404.539978 
1597307355136.000000 284.308990 
1597307355136.000000 8672.790039 
1597307355136.000000 53.007000 
1597307355136.000000 6.446000 
1597307355136.000000 17.382999 
1597307355136.000000 114.334000 
1597307355136.000000 13.604000 
1597307355136.000000 130.630997 
1597307355136.000000 164.102997 
1597307355136.000000 4436.808105 
1597307355136.000000 521.633972 
1597307355136.000000 106.664001 
1597307355136.000000 17.367001 
1597307355136.000000 307.341003 
1597307355136.000000 1054.110962 
1597307355136.000000 1909.631958 
1597307355136.000000 6.470000 
1597307355136.000000 294.100006 
1597307355136.000000 743.570007 
1597307355136.000000 665.236023 
1597307355136.000000 2.693000 
1597307355136.000000 445.677002 
1597307355136.000000 120.963997 
1597307355136.000000 900.525024 
1597307355136.000000 430.669006 
1597307355136.000000 17.509001 
1597307355136.000000 63.132000 
1597307355136.000000 2308.556152 
1597307355136.000000 142.910995 
1597307355136.000000 428.096985 
1597307355136.000000 382.117004 
1597307355136.000000 903.333008 
1597307355136.000000 183.203995 
1597307355136.000000 5.218000 
1597307355136.000000 592.085999 
1597307355136.000000 21.188999 
1597307355136.000000 707.644043 
1597307355136.000000 114.483002 
1597307355136.000000 1304.520996 
1597307355136.000000 499.927002 
1597307355136.000000 3.730000 
1597307355136.000000 389.157013 
1597307355136.000000 282.151001 
1597307355136.000000 411.498993 
1597307355136.000000 58.004002 
1597307355136.000000 184.893005 
1597307355136.000000 820.989014 
1597307355136.000000 133.005005 
1597307355136.000000 765.036987 
1597307355136.000000 59.894001 
1597307355136.000000 3536.650879 
1597307355136.000000 36.134998 
1597307355136.000000 26.958000 
1597307355136.000000 12.198000 
1597307355136.000000 233.190002 
1597307355136.000000 115.396004 
1597307355136.000000 4022.273926 
1597307355136.000000 1997.473022 
1597307355136.000000 607.541992 
1597307355136.000000 301.804993 
1597307355136.000000 2005.234009 
1597307355136.000000 626.881958 
1597307355136.000000 118.127998 
1597307355136.000000 3.238000 
1597307355136.000000 3305.687012 
1597307355136.000000 118.023003 
1597307355136.000000 70.043999 
1597307355136.000000 5.177000 
1597307355136.000000 264.954010 
1597307355136.000000 303.385986 
1597307355136.000000 47.618000 
1597307355136.000000 16.221001 
1597307355136.000000 455.714996 
1597307355136.000000 33.904999 
1597307355136.000000 260.838013 
1597307355136.000000 329.884003 
1597307355136.000000 14.259000 
1597307355136.000000 242.139008 
1597307355136.000000 463.463013 
1597307355136.000000 16.718000 
1597307355136.000000 121.593002 
1597307355136.000000 24.945000 
1597307355136.000000 472.277008 
1597307355136.000000 10.314000 
1597307355136.000000 511.292999 
1597307355136.000000 2.111000 
1597307355136.000000 675.078003 
1597307355136.000000 1016.832031 
1597307355136.000000 42.021000 
1597307355136.000000 97.435997 
1597307355136.000000 1906.078979 
1597307355136.000000 204.076004 
1597307355136.000000 571.520020 
1597307355136.000000 3038.977051 
1597307355136.000000 488.303009 
1597307355136.000000 38.393002 
1597307355136.000000 1319.568970 
1597307355136.000000 54.874001 
1597307355136.000000 88.355003 
1597307355136.000000 232.809998 
1597307355136.000000 1586.377930 
1597307355136.000000 790.763000 
1597307355136.000000 1240.448975 
1597307355136.000000 508.204987 
1597307355136.000000 2510.760986 
1597307355136.000000 232.643005 
1597307355136.000000 144.505981 
1597307355136.000000 1186.222046 
1597307355136.000000 2808.086914 
1597307355136.000000 930.067993 
1597307355136.000000 153.507004 
1597307355136.000000 442.654999 
1597307355136.000000 303.476013 
1597307355136.000000 5504.864258 
1597307355136.000000 355.600006 
1597307355136.000000 3048.263916 
1597307355136.000000 1818.804932 
1597307355136.000000 1435.510986 
1597307355136.000000 1774.251953 
1597307355136.000000 1047.213013 
1597307355136.000000 610.028015 
1597307355136.000000 83.625999 
1597307355136.000000 1099.453979 
1597307355136.000000 106.375000 
1597307355136.000000 15.587000 
1597307355136.000000 393.325989 
1597307355136.000000 75.404999 
1597307355136.000000 2597.208984 
1597307355136.000000 973.827026 
1597307355136.000000 2158.488037 
1597307355136.000000 4237.041992 
1597307355136.000000 192.470001 
1597307355136.000000 288.320007 
1597307355136.000000 748.474976 
1597307355136.000000 8.523000 
1597307355136.000000 1531.389038 
1597307355136.000000 1859.781006 
1597307355136.000000 179.036011 
1597307355136.000000 3855.274902 
1597307355136.000000 136.497009 
1597307355136.000000 623.356995 
1597307355136.000000 1568.238037 
1597307355136.000000 230.270004 
1597307355136.000000 1231.449951 
1597307355136.000000 79.468002 
1597307355136.000000 278.846985 
1597307355136.000000 811.471008 
1597307355136.000000 1621.354004 
1597307355136.000000 66.246002 
1597307355136.000000 1310.036987 
1597307355136.000000 326.679016 
1597307355136.000000 148.597000 
1597307355136.000000 160.779999 
1597307355136.000000 168.018997 
1597307355136.000000 15.877000 
1597307355136.000000 10.858000 
1597307355136.000000 91.700996 
1597307355136.000000 66.502998 
1597307355136.000000 866.325989 
1597307355136.000000 100.238998 
1597307355136.000000 8.520000 
1597307355136.000000 570.208008 
1597307355136.000000 548.161987 
1597307355136.000000 7.708984 
1597307355136.000000 497.714996 
1597307355136.000000 121.231003 
1597307355136.000000 1707.151001 
1597307355136.000000 168.973007 
1597307355136.000000 180.895996 
1597307355136.000000 258.230988 
1597307355136.000000 232.333984 
1597307355136.000000 1008.174988 
1597307355136.000000 471.321014 
1597307355136.000000 560.337036 
1597307355136.000000 443.601990 
1597307355136.000000 23.879999 
1597307355136.000000 920.660034 
1597307486208.000000 362.971985 
1597307486208.000000 6386.312988 
1597307486208.000000 348.895996 
1597307486208.000000 1630.154053 
1597307486208.000000 321.683990 
1597307486208.000000 42.884998 
1597307486208.000000 8.884000 
1597307486208.000000 2854.349121 
1597307486208.000000 17.128000 
1597307486208.000000 786.932983 
1597307486208.000000 938.362976 
1597307486208.000000 12.827000 
1597307486208.000000 333.440002 
1597307486208.000000 172.261993 
1597307486208.000000 28.167000 
1597307486208.000000 269.025024 
1597307486208.000000 4.630000 
1597307486208.000000 12.185000 
1597307486208.000000 152.516998 
1597307486208.000000 987.715027 
1597307486208.000000 15.912000 
1597307486208.000000 1669.606934 
1597307486208.000000 110.107971 
1597307486208.000000 5.866000 
1597307486208.000000 19.261000 
1597307486208.000000 18.516001 
1597307486208.000000 491.140015 
1597307486208.000000 290.855011 
1597307486208.000000 4651.507812 
1597307486208.000000 847.083984 
1597307486208.000000 119.992996 
1597307486208.000000 198.565002 
1597307486208.000000 1504.765991 
1597307486208.000000 964.349976 
1597307486208.000000 29.844999 
1597307486208.000000 180.126999 
1597307486208.000000 1.742000 
1597307486208.000000 36.334000 
1597307486208.000000 358.324005 
1597307486208.000000 7720.688965 
1597307486208.000000 41.287998 
1597307486208.000000 1817.786987 
1597307486208.000000 601.278015 
1597307486208.000000 1098.974976 
1597307486208.000000 2725.461914 
1597307486208.000000 499.842010 
1597307486208.000000 438.009003 
1597307486208.000000 508.247009 
1597307486208.000000 626.317017 
1597307486208.000000 1007.653992 
1597307486208.000000 2904.844971 
1597307486208.000000 8748.574219 
1597307486208.000000 996.163025 
1597307486208.000000 1624.602051 
1597307486208.000000 101.745003 
1597307486208.000000 158.707001 
1597307486208.000000 38.686001 
1597307486208.000000 2.241000 
1597307486208.000000 188.442001 
1597307486208.000000 749.388000 
1597307486208.000000 212.591995 
1597307486208.000000 249.662994 
1597307486208.000000 1071.298950 
1597307486208.000000 1002.718018 
1597307486208.000000 368.734985 
1597307486208.000000 28.430000 
1597307486208.000000 2841.454102 
1597307486208.000000 93.736000 
1597307486208.000000 83.927002 
1597307486208.000000 71.612999 
1597307486208.000000 5.526000 
1597307486208.000000 3367.149902 
1597307486208.000000 640.963989 
1597307486208.000000 3346.041992 
1597307486208.000000 8.053000 
1597307486208.000000 270.000000 
1597307486208.000000 15.619000 
1597307486208.000000 248.427994 
1597307486208.000000 9648.697266 
1597307486208.000000 2.253000 
1597307486208.000000 282.213013 
1597307486208.000000 238.979004 
1597307486208.000000 1613.269043 
1597307486208.000000 1545.557983 
1597307486208.000000 611.572998 
1597307486208.000000 58.681000 
1597307486208.000000 8662.636719 
1597307486208.000000 17.489000 
1597307486208.000000 1177.341064 
1597307486208.000000 12.849000 
1597307486208.000000 3102.560059 
1597307486208.000000 316.220001 
1597307486208.000000 0.951000 
1597307486208.000000 119.566002 
1597307486208.000000 6662.915039 
1597307486208.000000 146.554993 
1597307486208.000000 1590.810059 
1597307486208.000000 719.978027 
1597307486208.000000 102.483002 
1597307486208.000000 3842.113037 
1597307486208.000000 3329.063965 
1597307486208.000000 5656.473145 
1597307486208.000000 3.064000 
1597307486208.000000 48.639000 
1597307486208.000000 295.697998 
1597307486208.000000 22.775999 
1597307486208.000000 429.029999 
1597307486208.000000 399.106018 
1597307486208.000000 6360.818848 
