1598509416448.000000 1795.291992 
1598509416448.000000 2247.209961 
1598509416448.000000 218.679016 
1598509416448.000000 210.419998 
1598509416448.000000 1982.845947 
1598509416448.000000 358.526001 
1598509416448.000000 48.817001 
1598509416448.000000 1319.849976 
1598509416448.000000 95.838997 
1598509416448.000000 6469.674805 
1598509416448.000000 912.646973 
1598509416448.000000 53.505001 
1598509416448.000000 215.595001 
1598509416448.000000 355.697021 
1598509416448.000000 2398.222900 
1598509416448.000000 291.253998 
1598509416448.000000 15.281000 
1598509416448.000000 1819.929932 
1598509416448.000000 350.848999 
1598509416448.000000 1514.851074 
1598509416448.000000 5093.088867 
1598509547520.000000 852.609985 
1598509547520.000000 3.271000 
1598509547520.000000 54.011002 
1598509547520.000000 89.638000 
1598509547520.000000 1727.481934 
1598509547520.000000 1740.426025 
1598509547520.000000 501.976990 
1598509547520.000000 707.476013 
1598509547520.000000 2.722000 
1598509547520.000000 281.181000 
1598509547520.000000 144.643005 
1598509547520.000000 279.357971 
1598509547520.000000 72.064003 
1598509547520.000000 510.739014 
1598509547520.000000 1458.333008 
1598509547520.000000 322.286011 
1598509547520.000000 70.357002 
1598509547520.000000 688.497986 
1598509547520.000000 29.171000 
1598509547520.000000 38.777000 
1598509547520.000000 910.265991 
1598509547520.000000 96.974998 
1598509547520.000000 607.601013 
1598509547520.000000 28.172001 
1598509547520.000000 898.226013 
1598509547520.000000 4423.956055 
1598509547520.000000 62.090000 
1598509547520.000000 132.050003 
1598509547520.000000 30.813999 
1598509547520.000000 220.901993 
1598509547520.000000 1008.742981 
1598509547520.000000 107.056000 
1598509547520.000000 1423.302002 
1598509547520.000000 191.188004 
1598509547520.000000 2069.233887 
1598509547520.000000 1177.969971 
1598509547520.000000 126.119003 
1598509547520.000000 40.785000 
1598509547520.000000 357.833984 
1598509547520.000000 15.171000 
1598509547520.000000 52.083000 
1598509547520.000000 473.717987 
1598509547520.000000 36.376999 
1598509547520.000000 645.888000 
1598509547520.000000 310.994995 
1598509547520.000000 265.490997 
1598509547520.000000 18.063999 
1598509547520.000000 819.466003 
1598509547520.000000 31.246000 
1598509547520.000000 221.676025 
1598509547520.000000 5749.208008 
1598509547520.000000 233.268982 
1598509547520.000000 1072.348999 
1598509547520.000000 846.888000 
1598509547520.000000 29.930000 
1598509547520.000000 392.823975 
1598509547520.000000 462.295990 
1598509547520.000000 5055.091797 
1598509547520.000000 340.432983 
1598509547520.000000 135.770996 
1598509547520.000000 9043.946289 
1598509547520.000000 760.676025 
1598509547520.000000 649.171021 
1598509547520.000000 617.218018 
1598509547520.000000 515.395996 
1598509547520.000000 6.741000 
1598509547520.000000 108.669983 
1598509547520.000000 62.173000 
1598509547520.000000 1427.088013 
1598509547520.000000 349.244995 
1598509547520.000000 49.337002 
1598509547520.000000 1374.146973 
1598509547520.000000 1517.973999 
1598509547520.000000 657.348022 
1598509547520.000000 164.710007 
1598509547520.000000 7041.748047 
1598509547520.000000 20.268999 
1598509547520.000000 234.143005 
1598509547520.000000 17.267029 
1598509547520.000000 1155.005005 
1598509547520.000000 573.887024 
1598509547520.000000 993.620972 
1598509547520.000000 4961.706055 
1598509547520.000000 30.827999 
1598509547520.000000 2315.015137 
1598509547520.000000 790.544983 
1598509547520.000000 158.382004 
1598509547520.000000 238.651978 
1598509547520.000000 545.114014 
1598509547520.000000 141.328995 
1598509547520.000000 211.960999 
1598509547520.000000 41.251999 
1598509547520.000000 265.847992 
1598509547520.000000 450.045013 
1598509547520.000000 346.151978 
1598509547520.000000 1148.439941 
1598509547520.000000 8.873000 
1598509547520.000000 114.361000 
1598509547520.000000 45.014999 
1598509547520.000000 21.290001 
1598509547520.000000 17.989000 
1598509547520.000000 920.210999 
1598509547520.000000 130.494995 
1598509547520.000000 128.807999 
1598509547520.000000 1353.721924 
1598509547520.000000 428.936005 
1598509547520.000000 115.383003 
1598509547520.000000 96.464996 
1598509547520.000000 79.779999 
1598509547520.000000 363.700012 
1598509547520.000000 671.302002 
1598509547520.000000 88.823997 
1598509547520.000000 1036.072021 
1598509547520.000000 313.429016 
1598509547520.000000 335.274994 
1598509547520.000000 6.086000 
1598509547520.000000 37.132999 
1598509547520.000000 1713.426025 
1598509547520.000000 118.862999 
1598509547520.000000 762.898010 
1598509547520.000000 32.705002 
1598509547520.000000 239.828003 
1598509547520.000000 50.791000 
1598509547520.000000 145.718994 
1598509547520.000000 18.289000 
1598509547520.000000 28.174999 
1598509547520.000000 878.947998 
1598509547520.000000 1259.525024 
1598509547520.000000 1407.792969 
1598509547520.000000 3457.062012 
1598509547520.000000 1343.481934 
1598509547520.000000 68.296997 
1598509547520.000000 83.942001 
1598509547520.000000 3365.112061 
1598509547520.000000 527.291992 
1598509547520.000000 181.600006 
1598509547520.000000 4985.161133 
1598509547520.000000 168.656006 
1598509547520.000000 137.904007 
1598509547520.000000 169.373993 
1598509547520.000000 1271.684082 
1598509547520.000000 11.545000 
1598509547520.000000 12015.458984 
1598509547520.000000 1921.703979 
1598509547520.000000 533.132019 
1598509547520.000000 124.953003 
1598509547520.000000 1362.567993 
1598509547520.000000 228.856995 
1598509547520.000000 77.441002 
1598509547520.000000 1723.552979 
1598509678592.000000 39.137001 
1598509678592.000000 12.521000 
1598509678592.000000 40.069000 
1598509678592.000000 2398.071045 
1598509678592.000000 210.774994 
1598509678592.000000 1107.683960 
1598509678592.000000 7.335000 
1598509678592.000000 156.072021 
1598509678592.000000 16.521000 
1598509678592.000000 37.389999 
1598509678592.000000 4435.889160 
1598509678592.000000 107.997002 
1598509678592.000000 92.013000 
1598509678592.000000 87.070000 
1598509678592.000000 1266.874023 
1598509678592.000000 5.270000 
1598509678592.000000 8.383000 
1598509678592.000000 413.351013 
1598509678592.000000 20.098000 
1598509678592.000000 1290.014038 
1598509678592.000000 66.449997 
1598509678592.000000 767.502991 
1598509678592.000000 195.438995 
1598509678592.000000 2.197000 
1598509678592.000000 348.518982 
1598509678592.000000 1691.770996 
1598509678592.000000 14.360000 
1598509678592.000000 4.336000 
1598509678592.000000 2341.124023 
1598509678592.000000 404.963013 
1598509678592.000000 48.306999 
1598509678592.000000 73.353996 
1598509678592.000000 11.436000 
1598509678592.000000 472.294983 
1598509678592.000000 477.342010 
1598509678592.000000 3.019000 
1598509678592.000000 120.185997 
1598509678592.000000 71.407997 
1598509678592.000000 2376.302002 
1598509678592.000000 2994.052002 
1598509678592.000000 805.020020 
1598509678592.000000 68.953003 
1598509678592.000000 2335.871094 
1598509678592.000000 37.825001 
1598509678592.000000 1149.725952 
1598509678592.000000 88.795998 
1598509678592.000000 91.672997 
1598509678592.000000 294.948975 
1598509678592.000000 1702.005005 
1598509678592.000000 47.772999 
1598509678592.000000 165.101013 
1598509678592.000000 237.576004 
1598509678592.000000 115.885002 
1598509678592.000000 1556.626953 
1598509678592.000000 137.671997 
1598509678592.000000 129.916000 
1598509678592.000000 115.404999 
1598509678592.000000 67.671997 
1598509678592.000000 462.644012 
1598509678592.000000 49.296021 
1598509678592.000000 190.537994 
1598509678592.000000 21.502001 
1598509678592.000000 757.151978 
1598509678592.000000 136.835007 
1598509678592.000000 15.455000 
1598509678592.000000 82.565002 
1598509678592.000000 1299.531006 
1598509678592.000000 89.056999 
1598509678592.000000 16.209000 
1598509678592.000000 210.287003 
1598509678592.000000 109.875000 
1598509678592.000000 1119.999023 
1598509678592.000000 6.305000 
1598509678592.000000 275.929993 
1598509678592.000000 758.549988 
1598509678592.000000 92.584000 
1598509678592.000000 625.135010 
1598509678592.000000 3440.316895 
1598509678592.000000 40.825001 
1598509678592.000000 139.500000 
1598509678592.000000 1.238000 
1598509678592.000000 565.697021 
1598509678592.000000 1698.807007 
1598509678592.000000 194.338013 
1598509678592.000000 70.860001 
1598509678592.000000 62.895000 
1598509678592.000000 2380.178955 
1598509678592.000000 94.572998 
1598509678592.000000 1657.854004 
1598509678592.000000 3028.233887 
1598509678592.000000 91.680000 
1598509678592.000000 925.585999 
1598509678592.000000 1.482000 
1598509678592.000000 184.149994 
1598509678592.000000 15.685000 
1598509678592.000000 215.983002 
1598509678592.000000 6038.457031 
1598509678592.000000 1043.786987 
1598509678592.000000 28.836000 
1598509678592.000000 503.636993 
1598509678592.000000 587.943970 
1598509678592.000000 541.045044 
1598509678592.000000 399.595001 
1598509678592.000000 28.671000 
1598509678592.000000 560.244995 
1598509678592.000000 317.635010 
1598509678592.000000 135.231003 
1598509678592.000000 2011.821045 
1598509678592.000000 530.318970 
1598509678592.000000 380.614990 
1598509678592.000000 36.813000 
1598509678592.000000 500.911987 
1598509678592.000000 195.188995 
1598509678592.000000 4003.029053 
1598509678592.000000 443.302002 
1598509678592.000000 541.427002 
1598509678592.000000 20.987000 
1598509678592.000000 8669.516602 
1598509678592.000000 1013.882019 
1598509678592.000000 16.462999 
1598509678592.000000 458.979004 
1598509678592.000000 57.847000 
1598509678592.000000 29.514999 
1598509678592.000000 3357.888916 
1598509678592.000000 11.718000 
1598509678592.000000 32.042000 
1598509678592.000000 143.041000 
1598509678592.000000 54.546001 
1598509678592.000000 750.552979 
1598509678592.000000 4201.450195 
1598509678592.000000 312.859985 
1598509678592.000000 66.121002 
1598509678592.000000 577.302979 
1598509678592.000000 4549.353027 
1598509678592.000000 389.402008 
1598509678592.000000 85.120003 
1598509678592.000000 588.019043 
1598509678592.000000 63.199001 
1598509678592.000000 311.811005 
1598509678592.000000 64.364998 
1598509678592.000000 1268.596924 
1598509678592.000000 64.431000 
1598509678592.000000 121.692001 
1598509678592.000000 1768.945068 
1598509678592.000000 2082.818115 
1598509678592.000000 1862.223022 
1598509678592.000000 2377.125977 
1598509678592.000000 139.955994 
1598509678592.000000 18.950001 
1598509678592.000000 293.407013 
1598509678592.000000 739.526978 
1598509678592.000000 189.225006 
1598509678592.000000 7252.292969 
1598509678592.000000 16.486000 
1598509678592.000000 2012.052002 
1598509678592.000000 56.951000 
1598509678592.000000 423.654999 
1598509678592.000000 829.197021 
1598509678592.000000 28.462999 
1598509678592.000000 168.824997 
1598509678592.000000 592.047974 
1598509678592.000000 114.913002 
1598509678592.000000 117.469002 
1598509678592.000000 335.877014 
1598509678592.000000 750.322021 
1598509678592.000000 5814.759766 
1598509809664.000000 364.428009 
1598509809664.000000 2142.217041 
1598509809664.000000 13.566000 
1598509809664.000000 32.061001 
1598509809664.000000 88.911003 
1598509809664.000000 1515.375977 
1598509809664.000000 4084.785889 
1598509809664.000000 19.202000 
1598509809664.000000 2048.760986 
1598509809664.000000 1393.064941 
1598509809664.000000 298.644989 
1598509809664.000000 724.510010 
1598509809664.000000 551.976990 
1598509809664.000000 70.163002 
1598509809664.000000 1995.786011 
1598509809664.000000 5.283000 
1598509809664.000000 73.571999 
1598509809664.000000 453.353027 
1598509809664.000000 310.527008 
1598509809664.000000 414.303986 
1598509809664.000000 364.651978 
1598509809664.000000 2870.624023 
1598509809664.000000 4159.247070 
1598509809664.000000 145.811996 
1598509809664.000000 130.328995 
1598509809664.000000 17.361000 
1598509809664.000000 1264.816040 
1598509809664.000000 242.799011 
1598509809664.000000 65.384003 
1598509809664.000000 251.981003 
1598509809664.000000 664.511963 
1598509809664.000000 26.299999 
1598509809664.000000 3871.724121 
1598509809664.000000 785.604004 
1598509809664.000000 689.479980 
1598509809664.000000 1334.063965 
1598509809664.000000 396.664001 
1598509809664.000000 12.289000 
1598509809664.000000 4.073000 
1598509809664.000000 39.818001 
1598509809664.000000 6.844000 
1598509809664.000000 52.230000 
1598509809664.000000 868.509033 
1598509809664.000000 998.020996 
1598509809664.000000 47.945999 
1598509809664.000000 989.546997 
1598509809664.000000 619.848999 
1598509809664.000000 103.402000 
1598509809664.000000 40.555000 
1598509809664.000000 127.564026 
1598509809664.000000 332.304993 
1598509809664.000000 278.740997 
1598509809664.000000 5385.823242 
1598509809664.000000 150.052994 
1598509809664.000000 405.614990 
1598509809664.000000 4761.607910 
1598509809664.000000 9400.446289 
1598509809664.000000 9696.542969 
1598509809664.000000 1554.589966 
1598509809664.000000 422.828003 
1598509809664.000000 2856.961914 
1598509809664.000000 945.671021 
1598509809664.000000 550.921021 
1598509809664.000000 7964.034180 
1598509809664.000000 1231.616943 
1598509809664.000000 70.577003 
1598509809664.000000 136.481003 
