1598461444096.000000 1094.458008 
1598461444096.000000 1756.593994 
1598461444096.000000 32.534000 
1598461444096.000000 164.741028 
1598461444096.000000 225.621994 
1598461444096.000000 139.781006 
1598461444096.000000 1120.681030 
1598461444096.000000 1466.749023 
1598461444096.000000 1138.088989 
1598461444096.000000 87.508003 
1598461444096.000000 17.711000 
1598461444096.000000 3962.657959 
1598461444096.000000 595.424011 
1598461444096.000000 58.898998 
1598461444096.000000 120.855003 
1598461444096.000000 1141.359009 
1598461444096.000000 467.132996 
1598461444096.000000 493.938995 
1598461444096.000000 2980.690918 
1598461444096.000000 49.915001 
1598461444096.000000 30.063000 
1598461444096.000000 25.204000 
1598461444096.000000 157.996994 
1598461444096.000000 115.207001 
1598461444096.000000 145.363007 
1598461444096.000000 3706.274902 
1598461444096.000000 2098.361084 
1598461444096.000000 303.045013 
1598461444096.000000 862.148010 
1598461444096.000000 74.948997 
1598461444096.000000 117.203003 
1598461444096.000000 5.917000 
1598461444096.000000 153.766006 
1598461444096.000000 1899.015015 
1598461444096.000000 714.213013 
1598461444096.000000 274.756012 
1598461444096.000000 170.479004 
1598461444096.000000 64.607002 
1598461444096.000000 1.811000 
1598461444096.000000 160.588013 
1598461444096.000000 130.990005 
1598461444096.000000 636.169983 
1598461444096.000000 61.292999 
1598461444096.000000 232.088013 
1598461444096.000000 511.811005 
1598461444096.000000 48.098999 
1598461444096.000000 34.706001 
1598461444096.000000 114.738998 
1598461444096.000000 19.360001 
1598461444096.000000 1031.784058 
1598461444096.000000 21.823000 
1598461444096.000000 417.730011 
1598461444096.000000 1540.602051 
1598461444096.000000 17.106001 
1598461444096.000000 6211.939941 
1598461444096.000000 145.888000 
1598461444096.000000 49.078999 
1598461444096.000000 6.887000 
1598461444096.000000 607.015991 
1598461444096.000000 2449.494141 
1598461444096.000000 413.273987 
1598461444096.000000 1004.275024 
1598461444096.000000 1563.619995 
1598461444096.000000 3078.758057 
1598461444096.000000 21.916000 
1598461444096.000000 449.716003 
1598461444096.000000 346.830017 
1598461444096.000000 78.556999 
1598461444096.000000 55.567001 
1598461444096.000000 3927.697021 
1598461444096.000000 58.702000 
1598461444096.000000 412.313995 
1598461444096.000000 595.398010 
1598461444096.000000 457.644989 
1598461444096.000000 2377.814941 
1598461444096.000000 16.038000 
1598461444096.000000 1686.825928 
1598461444096.000000 237.934021 
1598461444096.000000 95.417999 
1598461444096.000000 314.631989 
1598461444096.000000 800.969971 
1598461444096.000000 139.761002 
1598461444096.000000 361.197998 
1598461444096.000000 29.462000 
1598461444096.000000 2.712000 
1598461444096.000000 40.117981 
1598461444096.000000 932.023010 
1598461444096.000000 156.965027 
1598461444096.000000 312.871002 
1598461444096.000000 64.510002 
1598461444096.000000 104.859001 
1598461444096.000000 50.603001 
1598461444096.000000 1220.698975 
1598461444096.000000 4180.862793 
1598461444096.000000 313.213013 
1598461444096.000000 7.594000 
1598461444096.000000 43.883999 
1598461444096.000000 205.143005 
1598461444096.000000 1142.831055 
1598461444096.000000 229.207993 
1598461444096.000000 255.171997 
1598461444096.000000 2622.484863 
1598461444096.000000 14.835000 
1598461444096.000000 1.756000 
1598461444096.000000 7.360000 
1598461444096.000000 1000.853027 
1598461444096.000000 504.717987 
1598461444096.000000 1513.447021 
1598461444096.000000 882.195007 
1598461444096.000000 1055.104980 
1598461444096.000000 98.460999 
1598461444096.000000 26.975000 
1598461444096.000000 28.851999 
1598461444096.000000 8.414001 
1598461444096.000000 14.218000 
1598461444096.000000 206.753006 
1598461444096.000000 381.593994 
1598461444096.000000 421.314026 
1598461444096.000000 131.121994 
1598461444096.000000 849.760010 
1598461444096.000000 221.871994 
1598461444096.000000 4114.507812 
1598461444096.000000 589.416016 
1598461444096.000000 5.624000 
1598461444096.000000 58.875977 
1598461444096.000000 406.639008 
1598461444096.000000 170.559998 
1598461444096.000000 3.812000 
1598461444096.000000 34.826000 
1598461444096.000000 545.062988 
1598461444096.000000 588.979004 
1598461444096.000000 408.406982 
1598461444096.000000 60.116001 
1598461444096.000000 120.264000 
1598461444096.000000 61.750000 
1598461444096.000000 2.572000 
1598461444096.000000 21.834999 
1598461444096.000000 184.195999 
1598461444096.000000 2.183000 
1598461444096.000000 256.494995 
1598461444096.000000 479.814026 
1598461444096.000000 1432.854980 
1598461444096.000000 27.503000 
1598461444096.000000 56.691002 
1598461444096.000000 2991.531982 
1598461444096.000000 1.464000 
1598461444096.000000 7.582000 
1598461444096.000000 120.289001 
1598461444096.000000 21.205994 
1598461444096.000000 8.188000 
1598461444096.000000 2063.141113 
1598461444096.000000 3923.235107 
1598461444096.000000 19.958000 
1598461444096.000000 150.300003 
1598461444096.000000 1243.147949 
1598461444096.000000 110.310997 
1598461444096.000000 4554.418945 
1598461444096.000000 321.921997 
1598461444096.000000 136.138000 
1598461444096.000000 1071.463989 
1598461444096.000000 136.110992 
1598461444096.000000 1.107000 
1598461444096.000000 3.495000 
1598461444096.000000 27.812000 
1598461444096.000000 14.995000 
1598461444096.000000 2081.565918 
1598461444096.000000 3.899000 
1598461444096.000000 50.251999 
1598461444096.000000 132.265991 
1598461444096.000000 75.629997 
1598461444096.000000 109.557999 
1598461444096.000000 464.614990 
1598461444096.000000 1099.282959 
1598461444096.000000 24.056999 
1598461444096.000000 454.749023 
1598461444096.000000 1.195000 
1598461444096.000000 425.037994 
1598461444096.000000 92.182999 
1598461444096.000000 4829.128906 
1598461444096.000000 176.914001 
1598461444096.000000 42.813000 
1598461444096.000000 197.687012 
1598461444096.000000 452.270996 
1598461444096.000000 600.770996 
1598461575168.000000 111.656998 
1598461575168.000000 553.447021 
1598461575168.000000 15.726000 
1598461575168.000000 1101.661987 
1598461575168.000000 257.387024 
1598461575168.000000 782.728027 
1598461575168.000000 77.525024 
1598461575168.000000 1449.125977 
1598461575168.000000 853.190979 
1598461575168.000000 1667.324951 
1598461575168.000000 2211.874023 
1598461575168.000000 658.577026 
1598461575168.000000 1247.271973 
1598461575168.000000 352.713013 
1598461575168.000000 25.104000 
1598461575168.000000 88.514000 
1598461575168.000000 1798.640991 
1598461575168.000000 19.389000 
1598461575168.000000 1409.039062 
1598461575168.000000 10.386000 
1598461575168.000000 1540.716064 
1598461575168.000000 273.622986 
1598461575168.000000 3.350000 
1598461575168.000000 85.402000 
1598461575168.000000 64.211998 
1598461575168.000000 137.641006 
1598461575168.000000 40.002998 
1598461575168.000000 362.416016 
1598461575168.000000 933.231018 
1598461575168.000000 287.751007 
1598461575168.000000 45.976002 
1598461575168.000000 1.942000 
1598461575168.000000 388.703003 
1598461575168.000000 559.337036 
1598461575168.000000 3506.661133 
1598461575168.000000 14.733000 
1598461575168.000000 4882.420898 
1598461575168.000000 29.445999 
1598461575168.000000 1859.005981 
1598461575168.000000 43.587002 
1598461575168.000000 1820.154053 
1598461575168.000000 1038.713989 
1598461575168.000000 466.724976 
1598461575168.000000 3383.421875 
1598461575168.000000 2.135000 
1598461575168.000000 168.171997 
1598461575168.000000 98.610001 
1598461575168.000000 124.367996 
1598461575168.000000 4.398000 
1598461575168.000000 4295.034180 
1598461575168.000000 262.423004 
1598461575168.000000 20.834999 
1598461575168.000000 889.783020 
1598461575168.000000 302.112000 
1598461575168.000000 3195.279053 
1598461575168.000000 95.741028 
1598461575168.000000 550.038025 
1598461575168.000000 944.929016 
1598461575168.000000 248.434006 
1598461575168.000000 578.053955 
1598461575168.000000 15.082000 
1598461575168.000000 463.208008 
1598461575168.000000 68.487000 
1598461575168.000000 2925.803955 
1598461575168.000000 77.866997 
1598461575168.000000 9.764000 
1598461575168.000000 58.403000 
1598461575168.000000 620.091003 
1598461575168.000000 406.674011 
1598461575168.000000 111.685997 
1598461575168.000000 206.936996 
1598461575168.000000 23.598000 
1598461575168.000000 971.622986 
1598461575168.000000 254.949005 
1598461575168.000000 175.835007 
1598461575168.000000 363.114014 
1598461575168.000000 134.964996 
1598461575168.000000 26.165001 
1598461575168.000000 403.570007 
1598461575168.000000 452.034973 
1598461575168.000000 59.653999 
1598461575168.000000 2.283000 
1598461575168.000000 922.890015 
1598461575168.000000 65.431000 
1598461575168.000000 627.218994 
1598461575168.000000 331.750977 
1598461575168.000000 384.351990 
1598461575168.000000 707.256958 
1598461575168.000000 44.514999 
1598461575168.000000 1197.628052 
1598461575168.000000 45.195000 
1598461575168.000000 132.175995 
1598461575168.000000 179.334000 
1598461575168.000000 71.168999 
1598461575168.000000 203.807007 
1598461575168.000000 7.135000 
1598461575168.000000 104.259003 
1598461575168.000000 191.182007 
1598461575168.000000 56.092999 
1598461575168.000000 19.969000 
1598461575168.000000 293.742004 
1598461575168.000000 368.297974 
1598461575168.000000 1408.842041 
1598461575168.000000 58.687000 
1598461575168.000000 54.310001 
1598461575168.000000 26.384001 
1598461575168.000000 346.676025 
1598461575168.000000 652.010986 
1598461575168.000000 81.507004 
1598461575168.000000 422.625000 
1598461575168.000000 147.046997 
1598461575168.000000 127.680000 
1598461575168.000000 54.793999 
1598461575168.000000 988.060974 
1598461575168.000000 20.733999 
1598461575168.000000 2250.835938 
1598461575168.000000 514.869995 
1598461575168.000000 69.495003 
1598461575168.000000 210.710999 
1598461575168.000000 4.553000 
1598461575168.000000 543.791016 
1598461575168.000000 532.760986 
1598461575168.000000 19.908001 
1598461575168.000000 233.539993 
1598461575168.000000 54.358002 
1598461575168.000000 972.346985 
1598461575168.000000 51.007996 
1598461575168.000000 24.028000 
1598461575168.000000 18.537001 
1598461575168.000000 4.172000 
1598461575168.000000 1075.667969 
1598461575168.000000 56.480000 
1598461575168.000000 7.975000 
1598461575168.000000 160.774002 
1598461575168.000000 317.674988 
1598461575168.000000 156.317993 
1598461575168.000000 74.366997 
1598461575168.000000 76.677002 
1598461575168.000000 5.659000 
1598461575168.000000 217.825012 
1598461575168.000000 12.292000 
1598461575168.000000 61.944000 
1598461575168.000000 5.180000 
1598461575168.000000 5.854000 
1598461575168.000000 53.382000 
1598461575168.000000 1464.120972 
1598461575168.000000 7.783000 
1598461575168.000000 763.794006 
1598461575168.000000 241.156998 
1598461575168.000000 3.437000 
1598461575168.000000 62.028000 
1598461575168.000000 3590.020996 
1598461575168.000000 137.044006 
1598461575168.000000 120.473999 
1598461575168.000000 903.823975 
1598461575168.000000 396.791992 
1598461575168.000000 1098.982056 
1598461575168.000000 382.571991 
1598461575168.000000 435.178009 
1598461575168.000000 1340.161987 
1598461575168.000000 13.123000 
1598461575168.000000 76.396004 
1598461575168.000000 69.360001 
1598461575168.000000 2064.504883 
1598461575168.000000 58.058998 
1598461575168.000000 394.100006 
1598461575168.000000 3.745000 
1598461575168.000000 2.117000 
1598461575168.000000 23.754000 
1598461575168.000000 417.062012 
1598461575168.000000 43.905998 
1598461575168.000000 200.927994 
1598461575168.000000 1.597000 
1598461575168.000000 361.809998 
1598461575168.000000 228.630997 
1598461575168.000000 18.753000 
1598461575168.000000 11.364000 
1598461575168.000000 890.028992 
1598461575168.000000 276.815002 
1598461575168.000000 637.817017 
1598461575168.000000 219.606995 
1598461575168.000000 4.526000 
1598461575168.000000 80.625000 
1598461575168.000000 58.370998 
1598461575168.000000 31.497999 
1598461575168.000000 254.406998 
1598461575168.000000 558.320007 
1598461575168.000000 933.969971 
1598461575168.000000 464.533997 
1598461575168.000000 85.901001 
1598461575168.000000 94.253998 
1598461575168.000000 9890.716797 
1598461575168.000000 1322.793945 
1598461575168.000000 263.619995 
1598461575168.000000 2.514000 
1598461575168.000000 58.964001 
1598461575168.000000 150.634995 
1598461575168.000000 134.328003 
1598461575168.000000 19.381001 
1598461575168.000000 2.675000 
1598461575168.000000 1468.947021 
1598461575168.000000 183.645996 
1598461575168.000000 25.673000 
1598461575168.000000 116.615997 
1598461575168.000000 258.751007 
1598461575168.000000 309.966003 
1598461575168.000000 506.441010 
1598461575168.000000 203.179001 
1598461575168.000000 85.599998 
1598461575168.000000 2339.991943 
1598461575168.000000 2153.510010 
1598461575168.000000 223.770004 
1598461575168.000000 196.664993 
1598461575168.000000 2349.383057 
1598461575168.000000 3599.041016 
1598461575168.000000 60.916000 
1598461575168.000000 505.471008 
1598461575168.000000 256.330994 
1598461575168.000000 59.639999 
1598461575168.000000 75.102997 
1598461575168.000000 102.759003 
1598461575168.000000 792.042969 
1598461575168.000000 630.002014 
1598461575168.000000 23.009001 
1598461575168.000000 97.416000 
1598461575168.000000 504.510986 
1598461575168.000000 2.635000 
1598461575168.000000 663.959961 
1598461575168.000000 145.244003 
1598461575168.000000 1.706000 
1598461575168.000000 82.019997 
1598461575168.000000 838.518982 
1598461575168.000000 286.877991 
1598461575168.000000 8.548000 
1598461575168.000000 16.389000 
1598461575168.000000 49.002998 
1598461575168.000000 16.541000 
1598461575168.000000 112.682007 
1598461575168.000000 93.964996 
1598461575168.000000 36.963001 
1598461575168.000000 5066.615234 
1598461706240.000000 269.281006 
1598461706240.000000 13.342000 
1598461706240.000000 105.350998 
1598461706240.000000 5.758000 
1598461706240.000000 309.292999 
1598461706240.000000 140.609985 
1598461706240.000000 722.161011 
1598461706240.000000 119.370003 
1598461706240.000000 1.554000 
1598461706240.000000 71.168030 
1598461706240.000000 5.901000 
1598461706240.000000 380.807007 
1598461706240.000000 154.169006 
1598461706240.000000 3536.722900 
1598461706240.000000 862.945007 
1598461706240.000000 2576.953125 
1598461706240.000000 1138.640015 
1598461706240.000000 685.979004 
1598461706240.000000 22.629999 
1598461706240.000000 2217.979004 
1598461706240.000000 239.783005 
1598461706240.000000 685.631958 
1598461706240.000000 2027.426025 
1598461706240.000000 30.756001 
1598461706240.000000 2588.284912 
1598461706240.000000 660.478027 
1598461706240.000000 679.854980 
1598461706240.000000 1003.903992 
1598461706240.000000 3.582000 
1598461706240.000000 338.809998 
1598461706240.000000 470.229980 
1598461706240.000000 212.826004 
1598461706240.000000 31.132000 
1598461706240.000000 1.271000 
1598461706240.000000 5.701000 
1598461706240.000000 17.533001 
1598461706240.000000 1805.406982 
1598461706240.000000 68.023003 
1598461706240.000000 95.339996 
1598461706240.000000 16.103001 
1598461706240.000000 344.928009 
1598461706240.000000 87.767029 
1598461706240.000000 2055.506104 
1598461706240.000000 6.317000 
1598461706240.000000 67.344002 
1598461706240.000000 7.866000 
1598461706240.000000 1553.396973 
1598461706240.000000 32.208000 
1598461706240.000000 59.889000 
1598461706240.000000 4.502000 
1598461706240.000000 1454.286011 
1598461706240.000000 7.846000 
1598461706240.000000 109.528999 
1598461706240.000000 48.797001 
1598461706240.000000 38.803001 
1598461706240.000000 30.503000 
1598461706240.000000 129.050003 
1598461706240.000000 335.842987 
1598461706240.000000 69.619019 
1598461706240.000000 1.984000 
1598461706240.000000 220.843994 
1598461706240.000000 4.756000 
1598461706240.000000 1123.717041 
1598461706240.000000 945.395996 
1598461706240.000000 4425.643066 
1598461706240.000000 4.371000 
1598461706240.000000 18.559000 
1598461706240.000000 202.490997 
1598461706240.000000 182.127991 
1598461706240.000000 307.362000 
1598461706240.000000 21.830999 
1598461706240.000000 153.408005 
1598461706240.000000 9.645000 
1598461706240.000000 561.549988 
1598461706240.000000 2555.116943 
1598461706240.000000 6.855000 
1598461706240.000000 1043.468018 
1598461706240.000000 387.283020 
1598461706240.000000 134.126999 
1598461706240.000000 63.488998 
1598461706240.000000 586.096008 
1598461706240.000000 385.148010 
1598461706240.000000 0.658000 
1598461706240.000000 0.408000 
1598461706240.000000 3017.608887 
1598461706240.000000 44.673000 
1598461706240.000000 2.508000 
1598461706240.000000 2.097000 
1598461706240.000000 2680.575928 
1598461706240.000000 41.610001 
1598461706240.000000 54.209000 
1598461706240.000000 535.120972 
1598461706240.000000 2.882000 
1598461706240.000000 83.699997 
1598461706240.000000 27.148001 
1598461706240.000000 4.668000 
1598461706240.000000 4370.645996 
1598461706240.000000 1733.208984 
1598461706240.000000 1.723022 
1598461706240.000000 39.251999 
1598461706240.000000 3837.574951 
1598461706240.000000 545.994995 
1598461706240.000000 382.121002 
1598461706240.000000 684.301025 
1598461706240.000000 8.433000 
1598461706240.000000 132.664001 
1598461706240.000000 32.700001 
1598461706240.000000 15.681000 
1598461706240.000000 21.160999 
1598461706240.000000 185.072006 
1598461706240.000000 425.843018 
1598461706240.000000 3.657000 
1598461706240.000000 133.733994 
1598461706240.000000 640.862000 
1598461706240.000000 70.924004 
1598461706240.000000 14.060000 
1598461706240.000000 443.800995 
1598461706240.000000 195.990005 
1598461706240.000000 21.850000 
1598461706240.000000 88.726997 
1598461706240.000000 770.515991 
1598461706240.000000 125.140999 
1598461706240.000000 11.908000 
1598461706240.000000 27.601999 
1598461706240.000000 63.513000 
1598461706240.000000 290.955017 
1598461706240.000000 1066.583008 
1598461706240.000000 2256.393066 
1598461706240.000000 245.279999 
1598461706240.000000 48.410999 
1598461706240.000000 174.541016 
1598461706240.000000 295.494995 
1598461706240.000000 9.033000 
1598461706240.000000 102.838997 
1598461706240.000000 1261.376953 
1598461706240.000000 219.516998 
1598461706240.000000 481.851990 
1598461706240.000000 317.697998 
1598461706240.000000 2033.781982 
1598461706240.000000 3124.285889 
1598461706240.000000 1.371000 
1598461706240.000000 194.846008 
1598461706240.000000 4056.111084 
1598461706240.000000 44.752998 
1598461706240.000000 121.345001 
1598461706240.000000 8.891000 
1598461706240.000000 44.691002 
1598461706240.000000 20.948999 
1598461706240.000000 1688.470947 
1598461706240.000000 2307.416016 
1598461706240.000000 2149.508057 
1598461706240.000000 244.110992 
1598461706240.000000 44.344002 
1598461706240.000000 462.762024 
1598461706240.000000 1.066000 
1598461706240.000000 43.379002 
1598461706240.000000 1.472000 
1598461706240.000000 3.037000 
1598461706240.000000 109.155998 
1598461706240.000000 91.969002 
1598461706240.000000 3044.524902 
1598461706240.000000 16.167999 
1598461706240.000000 26.231001 
1598461706240.000000 45.784000 
1598461706240.000000 5551.348145 
1598461706240.000000 22.382999 
1598461706240.000000 75.488998 
1598461706240.000000 0.911000 
1598461706240.000000 187.046997 
1598461706240.000000 54.389999 
1598461706240.000000 238.132996 
1598461706240.000000 151.462006 
1598461706240.000000 9.967000 
1598461706240.000000 150.687012 
1598461706240.000000 74.527000 
1598461706240.000000 90.459999 
1598461706240.000000 27.469999 
1598461706240.000000 35.866001 
1598461706240.000000 28.943001 
1598461706240.000000 273.862000 
1598461706240.000000 12.894000 
1598461706240.000000 915.557007 
1598461706240.000000 776.943970 
1598461706240.000000 68.262001 
1598461706240.000000 57.181999 
1598461706240.000000 1099.069946 
1598461706240.000000 159.011993 
1598461706240.000000 1140.530029 
1598461706240.000000 20.875000 
1598461706240.000000 398.666992 
1598461706240.000000 9.634000 
1598461706240.000000 1729.119019 
1598461706240.000000 217.586975 
1598461706240.000000 489.388000 
1598461706240.000000 15.500000 
1598461706240.000000 92.998001 
1598461706240.000000 2.216000 
1598461706240.000000 916.275024 
1598461706240.000000 130.824005 
1598461706240.000000 264.778992 
1598461706240.000000 142.740005 
1598461706240.000000 5623.617188 
1598461706240.000000 31.872000 
1598461706240.000000 623.997009 
1598461706240.000000 2.563000 
1598461706240.000000 307.250000 
1598461706240.000000 1171.624023 
1598461706240.000000 16.105000 
1598461706240.000000 74.235001 
1598461706240.000000 9.540000 
1598461706240.000000 6.496000 
1598461706240.000000 31.385000 
1598461706240.000000 70.362999 
1598461706240.000000 1812.182983 
1598461706240.000000 167.783005 
1598461706240.000000 142.677994 
1598461706240.000000 6.704000 
1598461706240.000000 259.378998 
1598461706240.000000 2262.439941 
1598461706240.000000 2695.578125 
1598461706240.000000 527.484009 
1598461706240.000000 90.643997 
1598461706240.000000 31.882000 
1598461706240.000000 79.339996 
1598461706240.000000 7.155000 
1598461706240.000000 8.053000 
1598461706240.000000 1540.306030 
1598461706240.000000 28.900000 
1598461706240.000000 223.049011 
1598461837312.000000 100.056000 
1598461837312.000000 134.625000 
1598461837312.000000 284.091003 
1598461837312.000000 4.204000 
1598461837312.000000 368.854004 
1598461837312.000000 161.688995 
1598461837312.000000 2393.921875 
1598461837312.000000 1103.107056 
1598461837312.000000 15.470000 
1598461837312.000000 2733.260010 
1598461837312.000000 903.895996 
1598461837312.000000 92.833000 
1598461837312.000000 1075.053955 
1598461837312.000000 1.380000 
1598461837312.000000 57.194000 
1598461837312.000000 185.041000 
1598461837312.000000 473.914978 
1598461837312.000000 852.934998 
1598461837312.000000 1125.172974 
1598461837312.000000 1457.630005 
1598461837312.000000 27.737000 
1598461837312.000000 541.568970 
1598461837312.000000 536.989990 
1598461837312.000000 148.858002 
1598461837312.000000 55.127998 
1598461837312.000000 7.608000 
1598461837312.000000 783.096008 
1598461837312.000000 13.223000 
1598461837312.000000 821.489990 
1598461837312.000000 141.388000 
1598461837312.000000 2.947000 
1598461837312.000000 1.137000 
1598461837312.000000 247.384003 
1598461837312.000000 2038.711914 
1598461837312.000000 170.681000 
1598461837312.000000 88.775002 
1598461837312.000000 164.369003 
1598461837312.000000 62.429001 
1598461837312.000000 2648.470947 
1598461837312.000000 2.353000 
1598461837312.000000 277.584015 
1598461837312.000000 1253.792969 
1598461837312.000000 54.194000 
1598461837312.000000 1829.516968 
1598461837312.000000 30.726999 
1598461837312.000000 2122.368896 
1598461837312.000000 313.979980 
1598461837312.000000 31.042000 
1598461837312.000000 473.653992 
1598461837312.000000 21.506001 
1598461837312.000000 4.831000 
1598461837312.000000 590.161011 
1598461837312.000000 1190.239990 
1598461837312.000000 1113.286011 
1598461837312.000000 1093.718994 
1598461837312.000000 3325.769043 
1598461837312.000000 356.726013 
1598461837312.000000 358.652008 
1598461837312.000000 35.389999 
1598461837312.000000 726.018005 
