1598406393856.000000 105.777000 
1598406393856.000000 85.338997 
1598406393856.000000 48.812000 
1598406393856.000000 178.507996 
1598406393856.000000 887.369995 
1598406393856.000000 2485.171875 
1598406393856.000000 278.157990 
1598406393856.000000 4.671000 
1598406393856.000000 255.087006 
1598406393856.000000 271.828003 
1598406393856.000000 2.744000 
1598406393856.000000 20.719999 
1598406393856.000000 2018.727051 
1598406393856.000000 42.553001 
1598406393856.000000 1412.467041 
1598406393856.000000 43.598999 
1598406393856.000000 1164.050049 
1598406393856.000000 658.144043 
1598406393856.000000 425.848022 
1598406393856.000000 1144.883057 
1598406393856.000000 546.328003 
1598406393856.000000 199.645004 
1598406393856.000000 990.111023 
1598406393856.000000 4.623000 
1598406393856.000000 87.267029 
1598406393856.000000 47.428001 
1598406393856.000000 13.996000 
1598406393856.000000 422.368011 
1598406393856.000000 122.635002 
1598406393856.000000 666.612000 
1598406393856.000000 3.593000 
1598406393856.000000 733.105957 
1598406393856.000000 204.869003 
1598406393856.000000 98.277000 
1598406393856.000000 26.875999 
1598406393856.000000 1.193000 
1598406393856.000000 91.069000 
1598406393856.000000 281.921997 
1598406393856.000000 2445.061035 
1598406393856.000000 1753.271973 
1598406393856.000000 7.020000 
1598406393856.000000 12.376000 
1598406393856.000000 1614.908936 
1598406393856.000000 210.727997 
1598406393856.000000 541.921021 
1598406393856.000000 3.076000 
1598406393856.000000 129.544998 
1598406393856.000000 1463.385986 
1598406393856.000000 117.614014 
1598406393856.000000 156.964005 
1598406393856.000000 89.207001 
1598406393856.000000 26.621000 
1598406393856.000000 2.307000 
1598406393856.000000 4367.681152 
1598406393856.000000 238.313995 
1598406393856.000000 81.182983 
1598406393856.000000 42.103001 
1598406393856.000000 383.700989 
1598406393856.000000 16.961000 
1598406393856.000000 124.152000 
1598406393856.000000 123.532997 
1598406393856.000000 91.330002 
1598406393856.000000 412.237976 
1598406393856.000000 5.857000 
1598406393856.000000 194.589996 
1598406393856.000000 81.255997 
1598406393856.000000 129.261002 
1598406393856.000000 124.082001 
1598406393856.000000 63.990002 
1598406393856.000000 92.950996 
1598406393856.000000 752.403992 
1598406393856.000000 11.716000 
1598406393856.000000 1169.959961 
1598406393856.000000 126.833000 
1598406393856.000000 2.179000 
1598406393856.000000 2172.145996 
1598406393856.000000 1553.268066 
1598406393856.000000 2.232000 
1598406393856.000000 44.091000 
1598406393856.000000 5.778000 
1598406393856.000000 88.288002 
1598406393856.000000 1446.842041 
1598406393856.000000 13.514000 
1598406393856.000000 1339.002930 
1598406393856.000000 97.888000 
1598406393856.000000 851.083984 
1598406393856.000000 792.221008 
1598406393856.000000 31.287001 
1598406393856.000000 5.926000 
1598406393856.000000 752.885986 
1598406393856.000000 1458.594971 
1598406393856.000000 18.997000 
1598406393856.000000 879.638977 
1598406393856.000000 2.133000 
1598406393856.000000 4.000000 
1598406393856.000000 753.462036 
1598406393856.000000 19.080000 
1598406393856.000000 1257.766968 
1598406393856.000000 699.933960 
1598406393856.000000 119.176003 
1598406393856.000000 198.712997 
1598406393856.000000 45.251999 
1598406393856.000000 1392.127930 
1598406393856.000000 491.223999 
1598406393856.000000 90.844002 
1598406393856.000000 85.070999 
1598406393856.000000 73.039001 
1598406393856.000000 148.770996 
1598406393856.000000 138.000000 
1598406393856.000000 128.695999 
1598406393856.000000 401.600006 
1598406393856.000000 188.298004 
1598406393856.000000 44.464001 
1598406393856.000000 142.429993 
1598406393856.000000 1205.583008 
1598406393856.000000 93.028000 
1598406393856.000000 376.588989 
1598406393856.000000 10.165000 
1598406393856.000000 44.310001 
1598406393856.000000 909.405029 
1598406524928.000000 522.744019 
1598406524928.000000 871.627014 
1598406524928.000000 1173.119995 
1598406524928.000000 46.096001 
1598406524928.000000 33.410000 
1598406524928.000000 842.645996 
1598406524928.000000 561.622986 
1598406524928.000000 1193.301025 
1598406524928.000000 344.812988 
1598406524928.000000 847.895996 
1598406524928.000000 19.684999 
1598406524928.000000 152.427002 
1598406524928.000000 18.091000 
1598406524928.000000 749.513977 
1598406524928.000000 513.844971 
1598406524928.000000 833.171997 
1598406524928.000000 34.262001 
1598406524928.000000 167.412994 
1598406524928.000000 2.938000 
1598406524928.000000 24.343000 
1598406524928.000000 427.102997 
1598406524928.000000 2211.333008 
1598406524928.000000 185.979004 
1598406524928.000000 967.689026 
1598406524928.000000 9.121000 
1598406524928.000000 1044.891968 
1598406524928.000000 32.334000 
1598406524928.000000 246.209000 
1598406524928.000000 641.919006 
1598406524928.000000 171.722000 
1598406524928.000000 40.401001 
1598406524928.000000 12.142000 
1598406524928.000000 1871.782959 
1598406524928.000000 43.660000 
1598406524928.000000 2196.143066 
1598406524928.000000 930.390991 
1598406524928.000000 27.709999 
1598406524928.000000 201.005005 
1598406524928.000000 122.594002 
1598406524928.000000 1337.311035 
1598406524928.000000 274.003998 
1598406524928.000000 46.640999 
1598406524928.000000 59.985001 
1598406524928.000000 55.514000 
1598406524928.000000 42.077999 
1598406524928.000000 120.988998 
1598406524928.000000 79.643997 
1598406524928.000000 2140.066895 
1598406524928.000000 9.875000 
1598406524928.000000 106.856003 
1598406524928.000000 450.359009 
1598406524928.000000 2567.030029 
1598406524928.000000 170.977997 
1598406524928.000000 911.877014 
1598406524928.000000 35.445999 
1598406524928.000000 7.538000 
1598406524928.000000 8.836000 
1598406524928.000000 97.175003 
1598406524928.000000 24.745001 
1598406524928.000000 42.580002 
1598406524928.000000 2.477000 
1598406524928.000000 362.872009 
1598406524928.000000 1753.421021 
1598406524928.000000 3.624000 
1598406524928.000000 25.323999 
1598406524928.000000 550.249023 
1598406524928.000000 3.388000 
1598406524928.000000 18.681999 
1598406524928.000000 103.595001 
1598406524928.000000 52.846001 
1598406524928.000000 35.074001 
1598406524928.000000 211.639999 
1598406524928.000000 291.255005 
1598406524928.000000 19.129000 
1598406524928.000000 35.074001 
1598406524928.000000 66.236023 
1598406524928.000000 317.647003 
1598406524928.000000 89.375000 
1598406524928.000000 3010.435059 
1598406524928.000000 5.580000 
1598406524928.000000 11.511000 
1598406524928.000000 2632.979980 
1598406524928.000000 244.871994 
1598406524928.000000 12.323000 
1598406524928.000000 36.381001 
1598406524928.000000 2385.329102 
1598406524928.000000 2803.023926 
1598406524928.000000 60.930000 
1598406524928.000000 16.848000 
1598406524928.000000 86.843002 
1598406524928.000000 60.153000 
1598406524928.000000 180.056030 
1598406524928.000000 49.419998 
1598406524928.000000 2344.000000 
1598406524928.000000 80.221001 
1598406524928.000000 653.771973 
1598406524928.000000 9.072000 
1598406524928.000000 64.872002 
1598406524928.000000 11.640000 
1598406524928.000000 12.682000 
1598406524928.000000 958.266968 
1598406524928.000000 910.129028 
1598406524928.000000 749.018982 
1598406524928.000000 795.309021 
1598406524928.000000 1065.015015 
1598406524928.000000 21.104000 
1598406524928.000000 57.959999 
1598406524928.000000 114.202003 
1598406524928.000000 5.503000 
1598406524928.000000 1531.614990 
1598406524928.000000 746.510010 
1598406524928.000000 673.536987 
1598406524928.000000 77.176003 
1598406524928.000000 79.817017 
1598406524928.000000 673.525024 
1598406524928.000000 2227.289062 
1598406524928.000000 159.656006 
1598406524928.000000 68.515999 
1598406524928.000000 224.315994 
1598406524928.000000 121.902000 
1598406524928.000000 10.409000 
1598406524928.000000 36.291000 
1598406524928.000000 47.001999 
1598406524928.000000 9.669000 
1598406524928.000000 805.903992 
1598406524928.000000 208.445999 
1598406524928.000000 641.106995 
1598406524928.000000 622.487976 
1598406524928.000000 561.526978 
1598406524928.000000 214.093994 
1598406524928.000000 138.692993 
1598406524928.000000 5.721000 
1598406524928.000000 297.517029 
1598406524928.000000 73.459000 
1598406524928.000000 49.167000 
1598406524928.000000 1949.875000 
1598406524928.000000 36.647999 
1598406524928.000000 102.525002 
1598406524928.000000 300.820007 
1598406524928.000000 601.518005 
1598406524928.000000 324.609009 
1598406524928.000000 132.820999 
1598406524928.000000 56.688999 
1598406524928.000000 16.841999 
1598406524928.000000 714.015991 
1598406524928.000000 1170.046997 
1598406524928.000000 500.279999 
1598406524928.000000 314.005005 
1598406524928.000000 4.966000 
1598406524928.000000 98.262001 
1598406524928.000000 5682.923828 
1598406524928.000000 2080.087891 
1598406524928.000000 329.441986 
1598406524928.000000 50.417000 
1598406524928.000000 16.535999 
1598406524928.000000 114.726997 
1598406524928.000000 637.604004 
1598406524928.000000 98.410004 
1598406524928.000000 71.555000 
1598406524928.000000 139.186996 
1598406524928.000000 353.223022 
1598406524928.000000 166.628998 
1598406524928.000000 137.203995 
1598406524928.000000 393.787994 
1598406524928.000000 428.205994 
1598406524928.000000 572.752014 
1598406524928.000000 34.528000 
1598406524928.000000 6.805000 
1598406524928.000000 27.264000 
1598406524928.000000 2477.959961 
1598406524928.000000 113.870003 
1598406524928.000000 119.237000 
1598406524928.000000 1942.609009 
1598406524928.000000 131.660995 
1598406524928.000000 684.709961 
1598406524928.000000 484.365997 
1598406524928.000000 59.398998 
1598406524928.000000 70.736000 
1598406524928.000000 160.375977 
1598406524928.000000 1159.768066 
1598406524928.000000 1122.061035 
1598406524928.000000 22.924000 
1598406524928.000000 417.552002 
1598406524928.000000 20.445000 
1598406524928.000000 333.804016 
1598406524928.000000 42.219002 
1598406524928.000000 270.971008 
1598406524928.000000 2040.760010 
1598406524928.000000 172.307007 
1598406524928.000000 5.324000 
1598406524928.000000 101.009003 
1598406524928.000000 119.681999 
1598406524928.000000 50.937012 
1598406524928.000000 126.817001 
1598406524928.000000 3.854000 
1598406524928.000000 93.606003 
1598406524928.000000 29.070000 
1598406524928.000000 108.856003 
1598406524928.000000 31.774000 
1598406524928.000000 1204.332031 
1598406524928.000000 168.716003 
1598406524928.000000 17.961000 
1598406524928.000000 11.283000 
1598406524928.000000 57.740002 
1598406524928.000000 32.651001 
1598406524928.000000 154.315002 
1598406524928.000000 13.250000 
1598406524928.000000 445.083008 
1598406524928.000000 155.315994 
1598406524928.000000 502.967010 
1598406524928.000000 1479.875977 
1598406524928.000000 114.974998 
1598406524928.000000 92.380997 
1598406524928.000000 4.764000 
1598406524928.000000 2.314000 
1598406524928.000000 224.544983 
1598406524928.000000 22.520000 
1598406524928.000000 5976.008789 
1598406524928.000000 1.760000 
1598406524928.000000 577.987976 
1598406524928.000000 261.173004 
1598406524928.000000 1521.333984 
1598406524928.000000 1334.984009 
1598406524928.000000 395.599976 
1598406524928.000000 120.162003 
1598406524928.000000 345.890991 
1598406524928.000000 109.742996 
1598406524928.000000 391.653992 
1598406524928.000000 6.144000 
1598406524928.000000 4763.947266 
1598406524928.000000 7.347000 
1598406524928.000000 17.784000 
1598406524928.000000 389.924988 
1598406524928.000000 783.764038 
1598406524928.000000 1.846000 
1598406524928.000000 571.674988 
1598406524928.000000 337.215027 
1598406524928.000000 653.965027 
1598406524928.000000 91.747002 
1598406524928.000000 30.688999 
1598406524928.000000 48.917999 
1598406524928.000000 12.034000 
1598406524928.000000 768.927979 
1598406524928.000000 1048.427002 
1598406524928.000000 95.085999 
1598406524928.000000 32.916000 
1598406524928.000000 3763.203125 
1598406524928.000000 383.087006 
1598406524928.000000 569.403015 
1598406524928.000000 166.244995 
1598406524928.000000 358.831970 
1598406524928.000000 897.715027 
1598406524928.000000 65.903992 
1598406524928.000000 2563.404053 
1598406656000.000000 4.852000 
1598406656000.000000 2856.819092 
1598406656000.000000 2116.343994 
1598406656000.000000 1581.973022 
1598406656000.000000 53.941002 
1598406656000.000000 43.629002 
1598406656000.000000 22.806000 
1598406656000.000000 953.213989 
1598406656000.000000 3.756000 
1598406656000.000000 4.336000 
1598406656000.000000 1915.761963 
1598406656000.000000 525.193970 
1598406656000.000000 2202.756104 
1598406656000.000000 151.244019 
1598406656000.000000 823.125000 
1598406656000.000000 2.143000 
1598406656000.000000 3654.419922 
1598406656000.000000 66.621002 
1598406656000.000000 91.322998 
1598406656000.000000 568.156982 
1598406656000.000000 418.140991 
1598406656000.000000 956.851013 
1598406656000.000000 10.391000 
1598406656000.000000 145.884995 
1598406656000.000000 5476.989258 
1598406656000.000000 647.218018 
1598406656000.000000 9.963000 
1598406656000.000000 20.989000 
1598406656000.000000 21.763000 
1598406656000.000000 1.504000 
1598406656000.000000 82.741028 
1598406656000.000000 502.722992 
1598406656000.000000 140.487000 
1598406656000.000000 952.067017 
1598406656000.000000 10.970000 
1598406656000.000000 46.604000 
1598406656000.000000 2565.956055 
1598406656000.000000 2212.708984 
1598406656000.000000 104.600998 
1598406656000.000000 5.688000 
1598406656000.000000 334.216003 
1598406656000.000000 40.174999 
1598406656000.000000 3.558000 
1598406656000.000000 1.882000 
1598406656000.000000 473.974976 
1598406656000.000000 101.431999 
1598406656000.000000 98.440002 
1598406656000.000000 2161.490967 
1598406656000.000000 3.323000 
1598406656000.000000 20.278000 
1598406656000.000000 49.924999 
1598406656000.000000 4807.577148 
1598406656000.000000 809.114014 
1598406656000.000000 1571.625977 
1598406656000.000000 55.617001 
1598406656000.000000 447.585999 
1598406656000.000000 20.674000 
1598406656000.000000 143.727997 
1598406656000.000000 226.408005 
1598406656000.000000 0.720000 
1598406656000.000000 19.895000 
1598406656000.000000 3.749000 
1598406656000.000000 364.492004 
1598406656000.000000 719.394043 
1598406656000.000000 495.992004 
1598406656000.000000 113.778999 
1598406656000.000000 137.056000 
1598406656000.000000 315.525024 
1598406656000.000000 5.965000 
1598406656000.000000 55.901001 
1598406656000.000000 136.886993 
1598406656000.000000 1473.765015 
1598406656000.000000 279.364990 
1598406656000.000000 11.864000 
1598406656000.000000 3378.168945 
1598406656000.000000 114.389000 
1598406656000.000000 59.459000 
1598406656000.000000 1468.918945 
1598406656000.000000 21.372000 
1598406656000.000000 2652.603027 
1598406656000.000000 118.138000 
1598406656000.000000 26.974001 
1598406656000.000000 2336.771973 
1598406656000.000000 3.468000 
1598406656000.000000 32.251999 
1598406656000.000000 129.757996 
1598406656000.000000 34.298000 
1598406656000.000000 15.222000 
1598406656000.000000 749.906982 
1598406656000.000000 86.787003 
1598406656000.000000 64.613998 
1598406656000.000000 1151.582031 
1598406656000.000000 1341.709961 
1598406656000.000000 2.006000 
1598406656000.000000 32.681000 
1598406656000.000000 1572.172974 
1598406656000.000000 2588.091064 
1598406656000.000000 13.215000 
1598406656000.000000 313.765015 
1598406656000.000000 195.291000 
1598406656000.000000 1418.314941 
1598406656000.000000 76.263000 
1598406656000.000000 116.968002 
1598406656000.000000 100.015999 
1598406656000.000000 21.625999 
1598406656000.000000 46.737000 
1598406656000.000000 1338.070068 
1598406656000.000000 18.622999 
1598406656000.000000 1353.197998 
1598406656000.000000 36.912998 
1598406656000.000000 2.640000 
1598406656000.000000 1538.188965 
1598406656000.000000 101.486000 
1598406656000.000000 162.867996 
1598406656000.000000 272.698975 
1598406656000.000000 267.571014 
1598406656000.000000 601.370972 
1598406656000.000000 167.326004 
1598406656000.000000 118.785004 
1598406656000.000000 31.181000 
1598406656000.000000 107.570999 
1598406656000.000000 90.171997 
1598406656000.000000 4.057000 
1598406656000.000000 387.252014 
1598406656000.000000 1064.614990 
1598406656000.000000 0.710000 
1598406656000.000000 841.044983 
1598406656000.000000 58.736000 
1598406656000.000000 0.866000 
1598406656000.000000 1255.394043 
1598406656000.000000 348.683014 
1598406656000.000000 20.334000 
1598406656000.000000 313.308014 
1598406656000.000000 1542.519043 
1598406656000.000000 1119.250977 
1598406656000.000000 9.808000 
1598406656000.000000 231.117996 
1598406656000.000000 45.313999 
1598406656000.000000 170.427002 
1598406656000.000000 1216.146973 
1598406656000.000000 1231.397949 
1598406656000.000000 314.074005 
1598406656000.000000 17.865000 
1598406656000.000000 296.437988 
1598406656000.000000 1373.490967 
1598406656000.000000 432.153015 
1598406656000.000000 1819.151001 
1598406656000.000000 111.444000 
1598406656000.000000 54.193001 
1598406656000.000000 35.550999 
1598406656000.000000 388.771973 
1598406656000.000000 266.148010 
1598406656000.000000 33.834000 
1598406656000.000000 253.505997 
1598406656000.000000 227.679993 
1598406656000.000000 213.932999 
1598406656000.000000 1228.314941 
1598406656000.000000 1127.321045 
1598406656000.000000 4.439000 
1598406656000.000000 206.682007 
1598406656000.000000 1107.250000 
1598406656000.000000 525.911011 
1598406656000.000000 1038.083008 
1598406656000.000000 108.253998 
1598406656000.000000 55.717999 
1598406656000.000000 79.817001 
1598406656000.000000 35.167999 
1598406656000.000000 46.230999 
1598406656000.000000 119.750999 
1598406656000.000000 83.465027 
1598406656000.000000 51.146000 
1598406656000.000000 312.113007 
1598406656000.000000 467.670990 
1598406656000.000000 1.654000 
1598406656000.000000 179.731995 
1598406656000.000000 6.815000 
1598406656000.000000 48.768002 
1598406656000.000000 936.171021 
1598406656000.000000 165.404999 
1598406656000.000000 342.359985 
1598406656000.000000 4125.492188 
1598406656000.000000 4550.353027 
1598406656000.000000 6.844000 
1598406656000.000000 2173.295898 
1598406656000.000000 1.639000 
1598406656000.000000 621.332031 
1598406656000.000000 211.451996 
1598406656000.000000 133.970001 
1598406656000.000000 11.703000 
1598406656000.000000 146.382996 
1598406656000.000000 469.080017 
1598406656000.000000 637.119019 
1598406656000.000000 763.755981 
1598406656000.000000 3.931000 
1598406656000.000000 226.718994 
1598406656000.000000 748.518005 
1598406656000.000000 79.324997 
1598406656000.000000 208.813004 
1598406656000.000000 116.151001 
1598406656000.000000 216.117004 
1598406656000.000000 90.341003 
1598406656000.000000 0.427000 
1598406656000.000000 12.079000 
1598406656000.000000 1330.262939 
1598406656000.000000 7.177000 
1598406656000.000000 1830.484985 
1598406656000.000000 7.240000 
1598406656000.000000 154.479004 
1598406656000.000000 1531.244995 
1598406656000.000000 30.591980 
1598406656000.000000 294.484009 
1598406656000.000000 238.904007 
1598406656000.000000 455.991028 
1598406656000.000000 1407.484985 
1598406656000.000000 578.418030 
1598406656000.000000 380.551025 
1598406656000.000000 296.218994 
1598406656000.000000 330.181000 
1598406656000.000000 161.301025 
1598406656000.000000 258.122986 
1598406656000.000000 92.111000 
1598406656000.000000 2.686000 
1598406656000.000000 426.717987 
1598406656000.000000 2189.675049 
1598406656000.000000 7.829000 
1598406656000.000000 154.774994 
1598406656000.000000 3.660000 
1598406656000.000000 15.528000 
1598406656000.000000 30.573000 
1598406656000.000000 53.250000 
1598406656000.000000 625.615967 
1598406656000.000000 37.750999 
1598406656000.000000 1646.375977 
1598406656000.000000 22.634001 
1598406656000.000000 50.952999 
1598406656000.000000 1.281000 
1598406656000.000000 104.278999 
1598406656000.000000 300.362000 
1598406787072.000000 19.152000 
1598406787072.000000 2330.190918 
1598406787072.000000 222.766998 
1598406787072.000000 364.658997 
1598406787072.000000 123.217003 
1598406787072.000000 4647.591797 
1598406787072.000000 772.372009 
1598406787072.000000 22.999001 
1598406787072.000000 43.680000 
1598406787072.000000 345.278015 
1598406787072.000000 46.155998 
1598406787072.000000 335.678986 
1598406787072.000000 22.771000 
1598406787072.000000 209.345001 
1598406787072.000000 600.989014 
1598406787072.000000 142.942993 
1598406787072.000000 695.729980 
1598406787072.000000 193.468994 
1598406787072.000000 1024.260010 
1598406787072.000000 114.009003 
1598406787072.000000 388.562988 
1598406787072.000000 33.366001 
1598406787072.000000 49.207001 
1598406787072.000000 8.861000 
1598406787072.000000 57.606995 
1598406787072.000000 338.718994 
1598406787072.000000 2977.937012 
1598406787072.000000 536.463013 
1598406787072.000000 560.583008 
1598406787072.000000 68.334999 
1598406787072.000000 279.522003 
1598406787072.000000 43.945000 
1598406787072.000000 1697.231934 
1598406787072.000000 52.880001 
1598406787072.000000 50.462002 
1598406787072.000000 6.960000 
1598406787072.000000 420.442017 
1598406787072.000000 867.408020 
1598406787072.000000 1437.757080 
1598406787072.000000 2989.658936 
1598406787072.000000 3014.912109 
1598406787072.000000 524.145996 
1598406787072.000000 1377.578979 
1598406787072.000000 2409.438965 
1598406787072.000000 773.500000 
1598406787072.000000 1375.189941 
1598406787072.000000 2850.016113 
1598406787072.000000 7.884000 
1598406787072.000000 31.480000 
1598406787072.000000 36.042999 
1598406787072.000000 46.019001 
1598406787072.000000 622.349976 
1598406787072.000000 13.548000 
1598406787072.000000 531.226013 
1598406787072.000000 508.069000 
1598406787072.000000 296.795990 
1598406787072.000000 616.473999 
1598406787072.000000 7.311000 
1598406787072.000000 41.508999 
1598406787072.000000 718.686035 
1598406787072.000000 130.509995 
1598406787072.000000 18.773001 
1598406787072.000000 172.235992 
1598406787072.000000 804.575989 
1598406787072.000000 80.627998 
1598406787072.000000 525.294983 
1598406787072.000000 336.408997 
1598406787072.000000 31.454000 
1598406787072.000000 2616.598145 
1598406787072.000000 55.551998 
1598406787072.000000 815.947021 
1598406787072.000000 1133.292969 
1598406787072.000000 113.458000 
1598406787072.000000 0.839000 
1598406787072.000000 114.431030 
1598406787072.000000 1.238000 
1598406787072.000000 712.552979 
1598406787072.000000 3.942000 
1598406787072.000000 1.575000 
1598406787072.000000 0.939000 
1598406787072.000000 62.238998 
1598406787072.000000 142.356995 
1598406787072.000000 183.548996 
1598406787072.000000 4.906000 
1598406787072.000000 2724.290039 
1598406787072.000000 1.858000 
1598406787072.000000 19.214001 
1598406787072.000000 414.987000 
1598406787072.000000 30.160999 
1598406787072.000000 75.846001 
1598406787072.000000 959.564026 
1598406787072.000000 1971.119995 
1598406787072.000000 169.001007 
1598406787072.000000 151.335999 
1598406787072.000000 758.854980 
1598406787072.000000 175.826996 
1598406787072.000000 210.867004 
1598406787072.000000 507.403015 
1598406787072.000000 42.355999 
1598406787072.000000 92.452003 
1598406787072.000000 64.833000 
1598406787072.000000 266.561005 
1598406787072.000000 5253.149902 
1598406787072.000000 207.500000 
1598406787072.000000 472.382996 
1598406787072.000000 16.437000 
1598406787072.000000 780.979980 
1598406787072.000000 290.269012 
1598406787072.000000 3764.375000 
1598406787072.000000 4088.608887 
1598406787072.000000 0.983000 
1598406787072.000000 211.186005 
1598406787072.000000 26.525000 
1598406787072.000000 99.502014 
1598406787072.000000 194.197006 
1598406787072.000000 417.450989 
1598406787072.000000 1880.717041 
1598406787072.000000 473.994019 
1598406787072.000000 108.394997 
1598406787072.000000 1049.777954 
1598406787072.000000 1734.789062 
1598406787072.000000 1128.432983 
1598406787072.000000 63.625000 
1598406787072.000000 9.856000 
1598406787072.000000 23.329000 
1598406787072.000000 2234.660889 
1598406787072.000000 203.843994 
1598406787072.000000 144.710999 
1598406787072.000000 261.441986 
1598406787072.000000 71.859009 
1598406787072.000000 946.658997 
1598406787072.000000 210.209000 
1598406787072.000000 3757.461914 
1598406787072.000000 146.039001 
1598406787072.000000 31.158001 
1598406787072.000000 1056.744995 
1598406787072.000000 392.127014 
1598406787072.000000 69.468002 
1598406787072.000000 287.992004 
1598406787072.000000 1.663000 
1598406787072.000000 1363.296021 
1598406787072.000000 9.688000 
1598406787072.000000 12.415000 
1598406787072.000000 368.316010 
1598406787072.000000 31.702000 
1598406787072.000000 533.333984 
1598406787072.000000 126.039001 
1598406787072.000000 480.591003 
1598406787072.000000 79.754997 
1598406787072.000000 1102.130981 
1598406787072.000000 49.868999 
1598406787072.000000 352.821991 
1598406787072.000000 672.424988 
1598406787072.000000 62.418999 
1598406787072.000000 288.549011 
1598406787072.000000 614.786011 
1598406787072.000000 417.838989 
1598406787072.000000 8.534000 
1598406787072.000000 40.002998 
1598406787072.000000 4.809000 
1598406787072.000000 5.604000 
1598406787072.000000 113.781998 
1598406787072.000000 104.125999 
1598406787072.000000 305.072021 
1598406787072.000000 31.563999 
1598406787072.000000 392.960999 
1598406787072.000000 10.183000 
1598406787072.000000 2215.745117 
1598406787072.000000 1007.486023 
1598406787072.000000 55.713001 
1598406787072.000000 41.280998 
1598406787072.000000 12.435000 
1598406787072.000000 1632.541016 
1598406787072.000000 38.459000 
1598406787072.000000 1975.057007 
1598406787072.000000 197.953003 
1598406787072.000000 323.174011 
1598406787072.000000 15.992000 
1598406787072.000000 205.811996 
1598406787072.000000 176.893997 
1598406787072.000000 2006.331055 
1598406787072.000000 12.451000 
1598406787072.000000 65.339996 
1598406787072.000000 137.514008 
1598406787072.000000 8.226000 
1598406787072.000000 150.755997 
1598406787072.000000 484.848022 
1598406787072.000000 1076.510986 
1598406787072.000000 1.118000 
1598406787072.000000 1.037000 
1598406787072.000000 610.056030 
1598406787072.000000 17.291000 
1598406787072.000000 4.183000 
1598406787072.000000 84.969002 
1598406787072.000000 634.107971 
1598406787072.000000 85.696999 
1598406787072.000000 147.238998 
1598406787072.000000 1361.737061 
1598406787072.000000 588.791992 
1598406787072.000000 1857.164062 
1598406787072.000000 1106.062012 
1598406787072.000000 126.445984 
1598406787072.000000 1.834000 
1598406787072.000000 628.981018 
1598406787072.000000 49.584000 
1598406787072.000000 154.356995 
1598406787072.000000 1722.317017 
1598406787072.000000 183.906006 
1598406787072.000000 16.132999 
1598406787072.000000 318.948975 
1598406787072.000000 13.592000 
1598406787072.000000 14.355000 
1598406787072.000000 56.042000 
1598406787072.000000 80.577003 
1598406787072.000000 2287.157959 
1598406787072.000000 983.181030 
1598406787072.000000 1256.153076 
1598406787072.000000 506.684998 
1598406787072.000000 95.070999 
1598406787072.000000 37.183998 
1598406787072.000000 4021.553955 
1598406918144.000000 56.555000 
1598406918144.000000 1695.885010 
1598406918144.000000 7.374000 
1598406918144.000000 1747.870972 
1598406918144.000000 646.130981 
1598406918144.000000 19.010000 
1598406918144.000000 759.427002 
1598406918144.000000 530.114014 
1598406918144.000000 235.989014 
1598406918144.000000 53.092999 
1598406918144.000000 774.127991 
1598406918144.000000 38.718018 
1598406918144.000000 1014.736023 
1598406918144.000000 15.357000 
1598406918144.000000 4791.756836 
1598406918144.000000 98.973999 
1598406918144.000000 35.928001 
1598406918144.000000 2093.149902 
1598406918144.000000 20.718000 
1598406918144.000000 1568.936035 
1598406918144.000000 289.708008 
1598406918144.000000 755.078003 
1598406918144.000000 1076.873047 
1598406918144.000000 80.051003 
1598406918144.000000 621.640991 
1598406918144.000000 409.567993 
1598406918144.000000 52.848000 
1598406918144.000000 3.123000 
1598406918144.000000 94.163025 
1598406918144.000000 2584.005859 
1598406918144.000000 62.553001 
1598406918144.000000 307.152008 
1598406918144.000000 22.616028 
1598406918144.000000 47.119999 
1598406918144.000000 91.906998 
1598406918144.000000 7.691000 
1598406918144.000000 92.621002 
1598406918144.000000 36.993000 
1598406918144.000000 205.132996 
1598406918144.000000 19.002001 
1598406918144.000000 1306.898926 
1598406918144.000000 141.343002 
1598406918144.000000 43.411987 
1598406918144.000000 302.125000 
1598406918144.000000 2179.737061 
1598406918144.000000 14.949000 
1598406918144.000000 323.390991 
1598406918144.000000 15.019000 
1598406918144.000000 274.043030 
1598406918144.000000 298.942993 
1598406918144.000000 5195.745117 
1598406918144.000000 309.173004 
1598406918144.000000 236.893005 
1598406918144.000000 1309.424072 
1598406918144.000000 60.408001 
1598406918144.000000 1057.604980 
1598406918144.000000 647.020020 
1598406918144.000000 2982.899902 
1598406918144.000000 31.688999 
1598406918144.000000 24.240999 
1598406918144.000000 116.167999 
1598406918144.000000 31.302000 
1598406918144.000000 455.273987 
1598406918144.000000 841.202026 
1598406918144.000000 4460.364258 
1598406918144.000000 2556.850098 
1598406918144.000000 853.169006 
1598406918144.000000 1398.001953 
1598406918144.000000 136.549011 
1598406918144.000000 79.629997 
1598406918144.000000 147.970001 
1598406918144.000000 325.572998 
1598406918144.000000 130.604996 
1598406918144.000000 950.241028 
1598406918144.000000 4227.566895 
1598406918144.000000 47.262024 
1598406918144.000000 52.884998 
1598406918144.000000 633.992981 
1598406918144.000000 355.721985 
1598406918144.000000 6.274000 
1598406918144.000000 132.156006 
1598406918144.000000 46.216000 
1598406918144.000000 378.278992 
1598406918144.000000 69.400002 
1598406918144.000000 147.942993 
1598406918144.000000 9.778000 
1598406918144.000000 142.137024 
1598406918144.000000 5.715000 
1598406918144.000000 80.367996 
1598406918144.000000 133.998001 
1598406918144.000000 520.835999 
1598406918144.000000 306.083984 
1598406918144.000000 77.741997 
1598406918144.000000 43.772999 
1598406918144.000000 146.636002 
1598406918144.000000 26.965000 
1598406918144.000000 1754.005981 
1598406918144.000000 8.999000 
1598406918144.000000 33.789001 
1598406918144.000000 57.341999 
1598406918144.000000 2.034000 
1598406918144.000000 2024.020020 
1598406918144.000000 267.230988 
1598406918144.000000 981.919983 
1598406918144.000000 301.648010 
1598406918144.000000 5.769000 
1598406918144.000000 91.915001 
1598406918144.000000 695.406982 
1598406918144.000000 21.273001 
1598406918144.000000 90.464996 
1598406918144.000000 352.705017 
1598406918144.000000 3389.402100 
1598406918144.000000 369.807007 
1598406918144.000000 0.898000 
1598406918144.000000 472.028992 
1598406918144.000000 165.039993 
1598406918144.000000 45.139000 
1598406918144.000000 26.976000 
1598406918144.000000 245.298004 
1598406918144.000000 54.110001 
1598406918144.000000 35.102001 
1598406918144.000000 336.265015 
1598406918144.000000 3.271000 
1598406918144.000000 930.124023 
1598406918144.000000 147.931000 
1598406918144.000000 23.125000 
1598406918144.000000 466.721008 
1598406918144.000000 302.642029 
1598406918144.000000 81.723999 
1598406918144.000000 573.489014 
1598406918144.000000 1433.112061 
1598406918144.000000 57.443001 
1598406918144.000000 36.601002 
1598406918144.000000 39.049000 
1598406918144.000000 725.229004 
1598406918144.000000 1123.672974 
1598406918144.000000 392.398987 
1598406918144.000000 4.820000 
1598406918144.000000 822.796021 
1598406918144.000000 2150.224121 
1598406918144.000000 2996.747070 
1598406918144.000000 157.809006 
1598406918144.000000 1363.513916 
1598406918144.000000 6.331000 
1598406918144.000000 1440.518066 
1598406918144.000000 68.372002 
1598406918144.000000 35.797001 
1598406918144.000000 71.120003 
1598406918144.000000 84.865997 
1598406918144.000000 6.991000 
1598406918144.000000 293.010986 
1598406918144.000000 113.866997 
1598406918144.000000 31.323999 
1598406918144.000000 9.750000 
1598406918144.000000 45.467999 
1598406918144.000000 3.162000 
1598406918144.000000 322.641998 
