1598478090240.000000 279.204010 
1598478090240.000000 563.809021 
1598478090240.000000 301.942017 
1598478090240.000000 78.397003 
1598478090240.000000 175.824005 
1598478090240.000000 357.790985 
1598478090240.000000 932.143005 
1598478090240.000000 1097.255005 
1598478090240.000000 41.362999 
1598478090240.000000 4.903000 
1598478090240.000000 5530.034180 
1598478090240.000000 704.296997 
1598478090240.000000 160.863007 
1598478090240.000000 4035.415039 
1598478090240.000000 2440.805908 
1598478090240.000000 20.114000 
1598478090240.000000 9.862000 
1598478090240.000000 1088.053955 
1598478090240.000000 13.748000 
1598478090240.000000 1019.289978 
1598478090240.000000 81.997002 
1598478090240.000000 7.435000 
1598478090240.000000 1282.374023 
1598478090240.000000 479.145996 
1598478090240.000000 380.643982 
1598478090240.000000 12.716000 
1598478090240.000000 213.035995 
1598478090240.000000 654.354004 
1598478090240.000000 85.818970 
1598478090240.000000 302.898010 
1598478090240.000000 1061.186035 
1598478090240.000000 6000.566895 
1598478090240.000000 70.995003 
1598478090240.000000 165.636002 
1598478090240.000000 8508.646484 
1598478221312.000000 1348.197998 
1598478221312.000000 66.105003 
1598478221312.000000 315.604004 
1598478221312.000000 10.506000 
1598478221312.000000 1287.177979 
1598478221312.000000 1465.635010 
1598478221312.000000 5.818000 
1598478221312.000000 1995.631958 
1598478221312.000000 701.945007 
1598478221312.000000 6.740000 
1598478221312.000000 92.333000 
1598478221312.000000 631.276978 
1598478221312.000000 31.900000 
1598478221312.000000 134.811005 
1598478221312.000000 152.059006 
1598478221312.000000 355.557007 
1598478221312.000000 264.734009 
1598478221312.000000 82.552002 
1598478221312.000000 50.272999 
1598478221312.000000 5129.591797 
1598478221312.000000 326.684998 
1598478221312.000000 317.454010 
1598478221312.000000 712.135986 
1598478221312.000000 5620.392090 
1598478221312.000000 1107.114014 
1598478221312.000000 1.318000 
1598478221312.000000 975.390991 
1598478221312.000000 2394.640137 
1598478221312.000000 166.246994 
1598478221312.000000 144.263977 
1598478221312.000000 459.319000 
1598478221312.000000 6.212000 
1598478221312.000000 9.377000 
1598478221312.000000 680.702026 
1598478221312.000000 235.694000 
1598478221312.000000 11.985000 
1598478221312.000000 4.997000 
1598478221312.000000 2316.127930 
1598478221312.000000 11.434000 
1598478221312.000000 7.427000 
1598478221312.000000 152.186005 
1598478221312.000000 860.674011 
1598478221312.000000 208.205017 
1598478221312.000000 264.862000 
1598478221312.000000 9.874000 
1598478221312.000000 108.281998 
1598478221312.000000 2.570000 
1598478221312.000000 1.664000 
1598478221312.000000 610.109009 
1598478221312.000000 3.846000 
1598478221312.000000 283.272003 
1598478221312.000000 4.664000 
1598478221312.000000 227.867996 
1598478221312.000000 11.481000 
1598478221312.000000 286.309998 
1598478221312.000000 12.808000 
1598478221312.000000 441.309021 
1598478221312.000000 90.749001 
1598478221312.000000 2646.916016 
1598478221312.000000 1442.161011 
1598478221312.000000 169.845993 
1598478221312.000000 68.804001 
1598478221312.000000 3340.573975 
1598478221312.000000 5148.842773 
1598478221312.000000 390.787994 
1598478221312.000000 4408.659180 
1598478221312.000000 329.722992 
1598478221312.000000 701.946045 
1598478221312.000000 4886.122070 
1598478221312.000000 26.483000 
1598478221312.000000 251.937988 
1598478221312.000000 1341.656982 
1598478221312.000000 176.548004 
1598478221312.000000 438.656006 
1598478221312.000000 366.600006 
1598478221312.000000 581.709961 
1598478221312.000000 1112.630005 
1598478221312.000000 212.013000 
1598478221312.000000 4301.202148 
1598478221312.000000 831.007996 
1598478221312.000000 166.197998 
1598478221312.000000 7.526000 
1598478221312.000000 775.221985 
1598478221312.000000 334.615997 
1598478221312.000000 7353.943848 
1598478221312.000000 61.820999 
1598478221312.000000 409.032990 
1598478221312.000000 137.324005 
1598478221312.000000 2395.096924 
1598478221312.000000 190.889008 
1598478221312.000000 212.412994 
1598478221312.000000 82.551003 
1598478221312.000000 3413.237061 
1598478221312.000000 441.056000 
1598478221312.000000 92.928001 
1598478221312.000000 1990.630005 
1598478221312.000000 8.193000 
1598478221312.000000 444.911987 
1598478221312.000000 113.499001 
1598478221312.000000 70.412003 
1598478221312.000000 101.282997 
1598478221312.000000 11964.784180 
1598478221312.000000 1885.353027 
1598478221312.000000 454.701996 
1598478221312.000000 892.082031 
1598478221312.000000 1485.811035 
1598478221312.000000 232.953003 
1598478221312.000000 117.497002 
1598478221312.000000 5.695000 
1598478221312.000000 24.698000 
1598478221312.000000 429.243011 
1598478221312.000000 32.872002 
1598478221312.000000 31.127001 
1598478221312.000000 3907.495117 
1598478221312.000000 1330.500977 
1598478221312.000000 1216.829956 
1598478221312.000000 45.230999 
1598478221312.000000 9.661000 
1598478221312.000000 829.797974 
1598478221312.000000 4280.556152 
1598478221312.000000 625.382996 
1598478221312.000000 216.927002 
1598478221312.000000 260.447998 
1598478221312.000000 1339.343018 
1598478221312.000000 284.516998 
1598478221312.000000 2108.666016 
1598478352384.000000 2641.937012 
1598478352384.000000 384.561005 
1598478352384.000000 1949.218018 
1598478352384.000000 30.875000 
1598478352384.000000 1.994000 
1598478352384.000000 790.077026 
1598478352384.000000 571.914978 
1598478352384.000000 95.543999 
1598478352384.000000 4008.018066 
1598478352384.000000 22.856001 
1598478352384.000000 134.585999 
1598478352384.000000 1726.317017 
1598478352384.000000 242.672974 
1598478352384.000000 578.348022 
1598478352384.000000 78.680000 
1598478352384.000000 5116.199219 
1598478352384.000000 85.570000 
1598478352384.000000 748.468018 
1598478352384.000000 479.427002 
1598478352384.000000 4129.609863 
1598478352384.000000 8.134000 
1598478352384.000000 752.733032 
1598478352384.000000 483.544006 
1598478352384.000000 184.869003 
1598478352384.000000 2626.482910 
1598478352384.000000 2923.989014 
1598478352384.000000 467.141998 
1598478352384.000000 21.594000 
1598478352384.000000 7816.309082 
1598478352384.000000 427.338989 
1598478352384.000000 1783.844971 
1598478352384.000000 275.265991 
1598478352384.000000 70.074997 
1598478352384.000000 23.077000 
1598478352384.000000 4753.867188 
1598478352384.000000 173.762024 
1598478352384.000000 1157.105957 
1598478352384.000000 96.264999 
1598478352384.000000 12.874000 
1598478352384.000000 901.335999 
1598478352384.000000 216.682007 
1598478352384.000000 282.864014 
1598478352384.000000 279.700012 
1598478352384.000000 144.809998 
1598478352384.000000 36.863998 
1598478352384.000000 11309.133789 
1598478352384.000000 27.021999 
1598478352384.000000 390.657013 
1598478352384.000000 15.262000 
1598478352384.000000 778.087036 
1598478352384.000000 2243.565918 
1598478352384.000000 2947.518066 
1598478352384.000000 313.393982 
1598478352384.000000 1197.376953 
1598478352384.000000 251.026993 
1598478352384.000000 28.346001 
1598478352384.000000 3476.215088 
1598478352384.000000 69.080002 
1598478352384.000000 230.145004 
1598478352384.000000 535.933960 
1598478352384.000000 5.726000 
1598478352384.000000 5.711000 
1598478352384.000000 1.305000 
1598478352384.000000 2783.906006 
1598478352384.000000 106.897003 
1598478352384.000000 6170.625000 
1598478352384.000000 20.618000 
1598478352384.000000 13.023000 
1598478352384.000000 740.161987 
1598478352384.000000 1608.064941 
1598478352384.000000 74.417999 
1598478352384.000000 196.593994 
1598478352384.000000 581.499023 
1598478352384.000000 3560.352051 
1598478352384.000000 941.288025 
1598478352384.000000 893.145020 
1598478352384.000000 193.186005 
1598478352384.000000 251.580017 
1598478352384.000000 2289.143066 
1598478352384.000000 15.807000 
1598478352384.000000 4716.097168 
1598478352384.000000 1741.515991 
1598478352384.000000 2361.251953 
1598478352384.000000 1142.515015 
1598478352384.000000 54.978001 
1598478352384.000000 153.399994 
1598478352384.000000 474.554016 
1598478352384.000000 104.348000 
1598478352384.000000 790.200989 
1598478352384.000000 560.469971 
1598478352384.000000 204.472000 
1598478352384.000000 597.271973 
1598478352384.000000 448.283997 
1598478352384.000000 747.791016 
1598478352384.000000 77.606003 
1598478352384.000000 149.257004 
1598478352384.000000 1313.607910 
1598478352384.000000 1325.921997 
1598478352384.000000 158.003006 
1598478352384.000000 5219.548828 
1598478352384.000000 38.692001 
1598478352384.000000 1734.175049 
1598478352384.000000 53.375000 
1598478352384.000000 123.876999 
1598478352384.000000 50.880001 
1598478352384.000000 925.620972 
1598478352384.000000 68.709999 
1598478352384.000000 147.022003 
1598478352384.000000 410.870972 
1598478352384.000000 517.247986 
1598478352384.000000 233.984985 
1598478352384.000000 2797.938965 
1598478352384.000000 37.500999 
1598478352384.000000 43.747002 
1598478352384.000000 212.562012 
1598478352384.000000 672.609009 
1598478352384.000000 3.647000 
1598478352384.000000 42.625000 
1598478352384.000000 307.612000 
1598478352384.000000 905.023010 
1598478483456.000000 577.523987 
1598478483456.000000 740.691040 
1598478483456.000000 6544.365234 
1598478483456.000000 312.700989 
1598478483456.000000 76.559998 
1598478483456.000000 247.147003 
1598478483456.000000 20.650999 
1598478483456.000000 1455.599976 
1598478483456.000000 1384.814941 
1598478483456.000000 1.962000 
1598478483456.000000 4.684000 
1598478483456.000000 2.518000 
1598478483456.000000 7.471000 
1598478483456.000000 3737.586914 
1598478483456.000000 6912.074219 
1598478483456.000000 61.257999 
1598478483456.000000 915.747986 
1598478483456.000000 31.343000 
1598478483456.000000 2898.792969 
1598478483456.000000 120.422997 
1598478483456.000000 35.858002 
1598478483456.000000 191.612000 
1598478483456.000000 100.346001 
1598478483456.000000 81.749001 
1598478483456.000000 723.466003 
1598478483456.000000 651.512024 
1598478483456.000000 1185.922974 
1598478483456.000000 4023.163086 
1598478483456.000000 1912.031006 
1598478483456.000000 3945.876953 
1598478483456.000000 45.577000 
1598478483456.000000 313.804993 
1598478483456.000000 3.523000 
1598478483456.000000 81.311996 
1598478483456.000000 3581.504883 
1598478483456.000000 1422.490967 
1598478483456.000000 22.316999 
1598478483456.000000 17.000999 
1598478483456.000000 3649.150879 
1598478483456.000000 123.762001 
1598478483456.000000 8.126000 
1598478483456.000000 61.780998 
1598478483456.000000 1966.501953 
1598478483456.000000 251.449005 
1598478483456.000000 366.645996 
1598478483456.000000 217.390015 
1598478483456.000000 737.862976 
1598478483456.000000 114.794983 
1598478483456.000000 49.153999 
1598478483456.000000 490.759003 
1598478483456.000000 4128.887207 
1598478483456.000000 1.829000 
1598478483456.000000 23.025000 
1598478483456.000000 1183.748047 
1598478483456.000000 244.367981 
1598478483456.000000 2800.302979 
1598478483456.000000 10.949000 
1598478483456.000000 1.878000 
1598478483456.000000 26.146973 
1598478483456.000000 421.868011 
1598478483456.000000 1288.463989 
1598478483456.000000 13.831000 
1598478483456.000000 721.010010 
1598478483456.000000 4127.620117 
1598478483456.000000 66.648003 
1598478483456.000000 6447.775879 
1598478483456.000000 444.471985 
1598478483456.000000 1276.177979 
1598478483456.000000 74.668999 
1598478483456.000000 3.277000 
1598478483456.000000 1477.489990 
1598478483456.000000 206.128998 
1598478483456.000000 577.803955 
1598478483456.000000 6.429000 
1598478483456.000000 1587.046997 
1598478483456.000000 3250.179932 
1598478483456.000000 72.595001 
1598478483456.000000 52.723000 
1598478483456.000000 299.877014 
1598478483456.000000 128.369003 
1598478483456.000000 1173.223022 
1598478483456.000000 76.848999 
1598478483456.000000 205.687988 
1598478483456.000000 10.895000 
1598478483456.000000 82.560997 
1598478483456.000000 29.275999 
1598478483456.000000 194.748993 
1598478483456.000000 272.320007 
1598478483456.000000 1136.331055 
1598478483456.000000 3366.828125 
1598478483456.000000 489.238007 
1598478483456.000000 3453.843018 
1598478483456.000000 46.217999 
1598478483456.000000 1224.203979 
1598478483456.000000 21.892000 
1598478483456.000000 2050.884033 
1598478483456.000000 61.943001 
1598478483456.000000 1076.359009 
1598478483456.000000 6.970000 
1598478483456.000000 48.369999 
1598478483456.000000 6180.382812 
1598478483456.000000 564.432007 
1598478483456.000000 26.198999 
