1597308010496.000000 1650.937988 
1597308010496.000000 79.469002 
1597308010496.000000 2809.580078 
1597308010496.000000 1067.415039 
1597308010496.000000 37.200001 
1597308010496.000000 1192.556030 
1597308010496.000000 19.393000 
1597308010496.000000 49.227001 
1597308010496.000000 88.363998 
1597308010496.000000 8.684000 
1597308010496.000000 912.789978 
1597308010496.000000 61.085999 
1597308010496.000000 5.618000 
1597308010496.000000 234.695999 
1597308010496.000000 276.593994 
1597308010496.000000 288.735992 
1597308010496.000000 544.325012 
1597308010496.000000 711.854980 
1597308010496.000000 9.319000 
1597308010496.000000 76.149002 
1597308010496.000000 1929.328003 
1597308010496.000000 176.309006 
1597308010496.000000 1440.732910 
1597308010496.000000 831.453003 
1597308010496.000000 14.074000 
1597308010496.000000 169.888000 
1597308010496.000000 161.033997 
1597308010496.000000 109.299004 
1597308010496.000000 4031.356934 
1597308010496.000000 1106.182983 
1597308010496.000000 2092.899902 
1597308010496.000000 10.721000 
1597308010496.000000 794.065979 
1597308010496.000000 93.044998 
1597308010496.000000 140.520004 
1597308010496.000000 238.281982 
1597308010496.000000 39.132999 
1597308010496.000000 736.263000 
1597308010496.000000 594.010010 
1597308010496.000000 3912.532959 
1597308010496.000000 58.626999 
1597308010496.000000 2.662000 
1597308010496.000000 3.699000 
1597308010496.000000 81.782997 
1597308010496.000000 298.570007 
1597308010496.000000 1247.447998 
1597308010496.000000 158.024002 
1597308010496.000000 62.646000 
1597308010496.000000 33.869999 
1597308010496.000000 2745.846924 
1597308010496.000000 5.904000 
1597308010496.000000 27.114000 
1597308010496.000000 1029.245972 
1597308010496.000000 65.227997 
1597308010496.000000 81.640999 
1597308010496.000000 20.997999 
1597308010496.000000 1580.738037 
1597308010496.000000 12.679000 
1597308010496.000000 11.174000 
1597308010496.000000 1.732000 
1597308010496.000000 1598.609009 
1597308010496.000000 414.049011 
1597308010496.000000 73.734009 
1597308010496.000000 447.171997 
1597308010496.000000 49.363998 
1597308010496.000000 871.041016 
1597308141568.000000 1.191000 
1597308141568.000000 807.325989 
1597308141568.000000 184.412994 
1597308141568.000000 236.878006 
1597308141568.000000 721.773010 
1597308141568.000000 233.936996 
1597308141568.000000 317.582001 
1597308141568.000000 328.106018 
1597308141568.000000 6856.600098 
1597308141568.000000 30.354000 
1597308141568.000000 3267.304932 
1597308141568.000000 5776.057129 
1597308141568.000000 1265.224976 
1597308141568.000000 3047.488037 
1597308141568.000000 3.540000 
1597308141568.000000 4155.706055 
1597308141568.000000 763.667969 
1597308141568.000000 3.881000 
1597308141568.000000 459.769012 
1597308141568.000000 651.572998 
1597308141568.000000 2224.116943 
1597308141568.000000 2.388000 
1597308141568.000000 66.852997 
1597308141568.000000 105.571999 
1597308141568.000000 5.355000 
1597308141568.000000 10.948000 
1597308141568.000000 3.334000 
1597308141568.000000 258.172974 
1597308141568.000000 2263.440918 
1597308141568.000000 4235.396973 
1597308141568.000000 168.098007 
1597308141568.000000 42.376999 
1597308141568.000000 361.739014 
1597308141568.000000 284.864990 
1597308141568.000000 1736.971924 
1597308141568.000000 5506.292969 
1597308141568.000000 1024.266968 
1597308141568.000000 11.036000 
1597308141568.000000 937.280029 
1597308141568.000000 19.334000 
1597308141568.000000 269.395996 
1597308141568.000000 1256.075928 
1597308141568.000000 925.650024 
1597308141568.000000 22.603001 
1597308141568.000000 285.877991 
1597308141568.000000 334.528015 
1597308141568.000000 3070.799072 
1597308141568.000000 116.255005 
1597308141568.000000 17.820000 
1597308141568.000000 20.945999 
1597308141568.000000 18.361000 
1597308141568.000000 3148.925049 
1597308141568.000000 3896.857910 
1597308141568.000000 1859.251953 
1597308141568.000000 1409.906982 
1597308141568.000000 565.442993 
1597308141568.000000 13.237000 
1597308141568.000000 1.077000 
1597308141568.000000 3091.664062 
1597308141568.000000 138.830002 
1597308141568.000000 38.318001 
1597308141568.000000 89.927002 
1597308141568.000000 611.763977 
1597308141568.000000 1224.655029 
1597308141568.000000 319.088989 
1597308141568.000000 1037.470947 
1597308141568.000000 426.461975 
1597308141568.000000 18.209999 
1597308141568.000000 4469.723145 
1597308141568.000000 348.066010 
1597308141568.000000 46.751999 
1597308141568.000000 1617.545044 
1597308141568.000000 16.892000 
1597308141568.000000 45.115002 
1597308141568.000000 63.555000 
1597308141568.000000 14000.834961 
1597308141568.000000 231.563995 
1597308141568.000000 550.120972 
1597308141568.000000 4149.600098 
1597308141568.000000 806.932983 
1597308141568.000000 3024.589111 
1597308141568.000000 678.858032 
1597308141568.000000 577.716003 
1597308141568.000000 96.521004 
1597308141568.000000 5864.895996 
1597308141568.000000 221.690994 
1597308141568.000000 217.500977 
1597308141568.000000 37.948002 
1597308141568.000000 9977.220703 
1597308141568.000000 165.274994 
1597308141568.000000 3708.827148 
1597308141568.000000 47.081001 
1597308141568.000000 55.314026 
1597308141568.000000 4.845000 
1597308141568.000000 7.557000 
1597308141568.000000 5109.329102 
1597308272640.000000 823.039978 
1597308272640.000000 1351.732910 
1597308272640.000000 559.260986 
1597308272640.000000 348.098022 
1597308272640.000000 551.848999 
1597308272640.000000 2762.608887 
1597308272640.000000 4230.032227 
1597308272640.000000 971.005981 
1597308272640.000000 16.927000 
1597308272640.000000 838.401978 
1597308272640.000000 30.945000 
1597308272640.000000 555.907959 
1597308272640.000000 24.464001 
1597308272640.000000 12.556000 
1597308272640.000000 266.678986 
1597308272640.000000 4862.946777 
1597308272640.000000 270.579010 
1597308272640.000000 94.786003 
1597308272640.000000 4.784000 
1597308272640.000000 1035.896973 
1597308272640.000000 364.098022 
1597308272640.000000 3873.589111 
1597308272640.000000 1137.297974 
1597308272640.000000 176.044006 
1597308272640.000000 64.397003 
1597308272640.000000 965.544006 
1597308272640.000000 13.271000 
1597308272640.000000 3611.564941 
1597308272640.000000 7161.048828 
1597308272640.000000 804.758972 
1597308272640.000000 134.203003 
1597308272640.000000 1725.739014 
1597308272640.000000 5.250000 
1597308272640.000000 33.014000 
1597308272640.000000 13.968000 
1597308272640.000000 193.179016 
1597308272640.000000 9348.555664 
1597308272640.000000 26.917999 
1597308272640.000000 10.694000 
1597308272640.000000 5304.215820 
1597308272640.000000 417.234985 
1597308272640.000000 1182.954956 
1597308272640.000000 22.865000 
1597308272640.000000 5.383000 
1597308272640.000000 259.533997 
1597308272640.000000 34.722000 
1597308272640.000000 298.381989 
1597308272640.000000 1220.213989 
1597308272640.000000 8410.853516 
1597308272640.000000 40.099998 
1597308272640.000000 121.599998 
1597308272640.000000 29.896999 
1597308272640.000000 11.233000 
1597308272640.000000 407.635010 
1597308272640.000000 752.669983 
1597308272640.000000 1247.807983 
1597308272640.000000 1739.330078 
1597308272640.000000 26.872009 
1597308272640.000000 112.513000 
1597308272640.000000 103.557999 
1597308272640.000000 187.675003 
1597308272640.000000 823.653015 
1597308272640.000000 4083.790039 
1597308272640.000000 38.619999 
1597308272640.000000 131.367004 
1597308272640.000000 886.690002 
1597308272640.000000 66.835999 
1597308272640.000000 354.341003 
1597308272640.000000 319.258972 
1597308272640.000000 322.790985 
1597308272640.000000 1557.739014 
1597308272640.000000 50.290001 
1597308272640.000000 6114.513184 
1597308272640.000000 419.263000 
1597308272640.000000 271.703003 
1597308272640.000000 15998.965820 
1597308272640.000000 2600.054932 
1597308272640.000000 36.132999 
1597308272640.000000 473.178986 
1597308272640.000000 91.952026 
1597308272640.000000 473.686005 
1597308272640.000000 329.216003 
1597308272640.000000 241.304016 
1597308272640.000000 980.728027 
1597308272640.000000 22.645000 
1597308272640.000000 1575.961914 
1597308272640.000000 1714.078979 
1597308272640.000000 98.599998 
1597308272640.000000 124.959999 
1597308272640.000000 899.413025 
1597308272640.000000 22.840000 
1597308272640.000000 636.937012 
1597308272640.000000 282.427002 
1597308272640.000000 1493.199951 
1597308272640.000000 5716.312988 
1597308272640.000000 151.639999 
1597308272640.000000 101.028999 
1597308272640.000000 988.612000 
1597308272640.000000 222.338013 
1597308272640.000000 678.122009 
1597308272640.000000 2795.687012 
1597308272640.000000 200.218002 
1597308272640.000000 360.685974 
1597308272640.000000 281.515991 
1597308272640.000000 19.354000 
1597308272640.000000 2649.079102 
1597308403712.000000 1005.465027 
1597308403712.000000 1738.534912 
1597308403712.000000 7955.367188 
1597308403712.000000 73.549004 
1597308403712.000000 4.103000 
1597308403712.000000 3485.224121 
1597308403712.000000 7041.758789 
1597308403712.000000 1893.001953 
1597308403712.000000 6.083000 
1597308403712.000000 3694.853027 
1597308403712.000000 391.364014 
1597308403712.000000 97.457001 
1597308403712.000000 201.042999 
1597308403712.000000 5741.576172 
1597308403712.000000 1698.734985 
1597308403712.000000 25.625999 
1597308403712.000000 540.348999 
1597308403712.000000 0.961000 
1597308403712.000000 666.479980 
1597308403712.000000 23.624001 
1597308403712.000000 324.381012 
1597308403712.000000 3377.196045 
1597308403712.000000 5796.271973 
1597308403712.000000 108.072021 
1597308403712.000000 16.021000 
1597308403712.000000 2317.415039 
1597308403712.000000 1891.901978 
1597308403712.000000 184.380005 
1597308403712.000000 91.723999 
1597308403712.000000 3283.999023 
1597308403712.000000 2968.355957 
1597308403712.000000 1.249000 
1597308403712.000000 895.093994 
1597308403712.000000 1171.612061 
1597308403712.000000 3452.947998 
1597308403712.000000 1367.647949 
1597308403712.000000 37.598999 
1597308403712.000000 1294.145996 
1597308403712.000000 107.702003 
1597308403712.000000 902.411011 
1597308403712.000000 839.651978 
1597308403712.000000 893.083008 
1597308403712.000000 38.735001 
1597308403712.000000 156.764008 
1597308403712.000000 257.627014 
1597308403712.000000 78.948997 
1597308403712.000000 55.527000 
1597308403712.000000 52.643002 
1597308403712.000000 66.014000 
1597308403712.000000 9100.607422 
1597308403712.000000 12.991000 
1597308403712.000000 29.743999 
1597308403712.000000 176.858002 
1597308403712.000000 328.815979 
1597308403712.000000 25.355000 
1597308403712.000000 16.667000 
1597308403712.000000 898.223022 
1597308403712.000000 433.669006 
1597308403712.000000 1066.743042 
1597308403712.000000 42.723999 
1597308403712.000000 164.440002 
1597308403712.000000 84.160004 
1597308403712.000000 98.966003 
1597308403712.000000 191.987976 
1597308403712.000000 139.128006 
1597308403712.000000 97.638000 
1597308403712.000000 303.191986 
1597308403712.000000 3226.762939 
1597308403712.000000 74.726997 
1597308403712.000000 938.755005 
1597308403712.000000 13874.875000 
1597308403712.000000 3232.831055 
1597308403712.000000 310.635986 
1597308403712.000000 162.306000 
1597308403712.000000 1420.446045 
1597308403712.000000 310.406982 
1597308403712.000000 502.511993 
1597308403712.000000 108.158997 
1597308403712.000000 1.763000 
1597308403712.000000 11.785000 
1597308403712.000000 18.124001 
1597308403712.000000 620.281006 
1597308403712.000000 209.707001 
1597308403712.000000 135.212997 
1597308403712.000000 248.114990 
1597308403712.000000 22.379000 
1597308403712.000000 94.737000 
1597308403712.000000 1438.478027 
1597308403712.000000 1081.631958 
1597308403712.000000 1695.239014 
1597308403712.000000 317.699005 
1597308403712.000000 627.851013 
1597308403712.000000 513.390015 
1597308403712.000000 9259.242188 
1597308403712.000000 656.359009 
1597308403712.000000 1492.446045 
1597308403712.000000 1913.438965 
1597308403712.000000 105.542999 
1597308403712.000000 810.601990 
1597308534784.000000 148.585007 
1597308534784.000000 34.437000 
1597308534784.000000 130.841995 
1597308534784.000000 454.770996 
1597308534784.000000 171.627991 
1597308534784.000000 346.740997 
1597308534784.000000 1137.464966 
1597308534784.000000 84.592003 
1597308534784.000000 776.281982 
1597308534784.000000 125.336998 
1597308534784.000000 2066.032959 
1597308534784.000000 5.058000 
1597308534784.000000 139.996994 
1597308534784.000000 272.164978 
1597308534784.000000 492.989014 
1597308534784.000000 6952.919922 
1597308534784.000000 24.020000 
1597308534784.000000 13.467000 
1597308534784.000000 87.295998 
1597308534784.000000 2669.656006 
1597308534784.000000 527.895996 
1597308534784.000000 81.931999 
1597308534784.000000 87.915001 
1597308534784.000000 5616.034180 
1597308534784.000000 10.777000 
1597308534784.000000 32.986000 
1597308534784.000000 109.626999 
1597308534784.000000 44.535999 
1597308534784.000000 154.119003 
1597308534784.000000 38.630001 
1597308534784.000000 179.176025 
1597308534784.000000 1074.524048 
1597308534784.000000 31.370001 
1597308534784.000000 3.318000 
1597308534784.000000 4.780000 
1597308534784.000000 4456.591797 
1597308534784.000000 430.773987 
1597308534784.000000 2885.154053 
1597308534784.000000 369.997009 
1597308534784.000000 83.293999 
1597308534784.000000 1293.968994 
