1598477303808.000000 92.100998 
1598477303808.000000 365.925995 
1598477303808.000000 141.580994 
1598477303808.000000 375.213013 
1598477303808.000000 3255.665039 
1598477303808.000000 192.177994 
1598477303808.000000 1688.822021 
1598477303808.000000 580.849976 
1598477303808.000000 13290.451172 
1598477303808.000000 30.620001 
1598477303808.000000 274.902008 
1598477303808.000000 10.513000 
1598477303808.000000 36.125000 
1598477303808.000000 807.778015 
1598477303808.000000 310.147003 
1598477303808.000000 1333.250000 
1598477303808.000000 157.401001 
1598477303808.000000 2034.593018 
1598477303808.000000 12.049000 
1598477303808.000000 300.980988 
1598477303808.000000 1.399000 
1598477303808.000000 184.294998 
1598477303808.000000 1610.706055 
1598477303808.000000 1136.874023 
1598477303808.000000 80.508003 
1598477303808.000000 252.811996 
1598477303808.000000 712.265991 
1598477303808.000000 17.788000 
1598477303808.000000 648.432007 
1598477303808.000000 523.002014 
1598477303808.000000 571.696045 
1598477303808.000000 3425.079102 
1598477303808.000000 224.156006 
1598477303808.000000 867.862000 
1598477303808.000000 685.447021 
1598477303808.000000 943.559998 
1598477303808.000000 2.326000 
1598477303808.000000 1431.700928 
1598477303808.000000 3350.090088 
1598477303808.000000 255.996002 
1598477303808.000000 5441.448242 
1598477303808.000000 354.661987 
1598477303808.000000 52.687000 
1598477303808.000000 387.994995 
1598477303808.000000 23.396000 
1598477303808.000000 774.634033 
1598477303808.000000 13.216000 
1598477303808.000000 4934.499023 
1598477303808.000000 24.599001 
1598477303808.000000 319.127991 
1598477303808.000000 672.606995 
1598477303808.000000 159.901001 
1598477303808.000000 1460.359009 
1598477303808.000000 270.596985 
1598477303808.000000 74.721001 
1598477303808.000000 21.930000 
1598477303808.000000 1276.609985 
1598477303808.000000 308.427002 
1598477303808.000000 1019.317993 
1598477303808.000000 83.167999 
1598477303808.000000 39.650024 
1598477303808.000000 709.370972 
1598477303808.000000 325.755005 
1598477303808.000000 813.719971 
1598477303808.000000 1102.618042 
1598477303808.000000 1153.978027 
1598477303808.000000 247.128998 
1598477303808.000000 312.686005 
1598477303808.000000 7234.456055 
1598477303808.000000 321.638000 
1598477303808.000000 2401.833008 
1598477303808.000000 249.042999 
1598477303808.000000 75.927002 
1598477303808.000000 35.268005 
1598477303808.000000 238.417999 
1598477303808.000000 560.796021 
1598477303808.000000 919.908020 
1598477303808.000000 263.869995 
1598477303808.000000 815.786987 
1598477303808.000000 46.970001 
1598477303808.000000 14.958000 
1598477303808.000000 3255.123047 
1598477303808.000000 332.134003 
1598477303808.000000 808.653992 
1598477303808.000000 2600.021973 
1598477303808.000000 67.338997 
1598477303808.000000 86.703979 
1598477303808.000000 18.920000 
1598477303808.000000 258.127014 
1598477303808.000000 349.876007 
1598477303808.000000 517.171021 
1598477303808.000000 3.360000 
1598477303808.000000 4.458000 
1598477303808.000000 338.428009 
1598477303808.000000 748.672974 
1598477303808.000000 1258.918945 
1598477303808.000000 917.189026 
1598477303808.000000 126.772003 
1598477303808.000000 53.248001 
1598477303808.000000 358.734985 
1598477303808.000000 1757.176025 
1598477303808.000000 367.151978 
1598477303808.000000 318.415985 
1598477303808.000000 77.170998 
1598477303808.000000 456.829010 
1598477303808.000000 3180.064941 
1598477303808.000000 110.709000 
1598477303808.000000 86.575996 
1598477303808.000000 38.319000 
1598477303808.000000 14716.716797 
1598477303808.000000 1715.655029 
1598477303808.000000 213.161987 
1598477303808.000000 2178.453125 
1598477303808.000000 823.641968 
1598477303808.000000 247.792007 
1598477303808.000000 3965.910889 
1598477303808.000000 5655.842773 
1598477434880.000000 366.273987 
1598477434880.000000 240.824005 
1598477434880.000000 2660.062012 
1598477434880.000000 357.122009 
1598477434880.000000 1104.787964 
1598477434880.000000 756.997986 
1598477434880.000000 2115.788086 
1598477434880.000000 14.924000 
1598477434880.000000 172.410995 
1598477434880.000000 8.600000 
1598477434880.000000 160.602005 
1598477434880.000000 354.947021 
1598477434880.000000 312.783997 
1598477434880.000000 897.775024 
1598477434880.000000 1769.656006 
1598477434880.000000 2484.219971 
1598477434880.000000 15.921000 
1598477434880.000000 2271.760986 
1598477434880.000000 547.955994 
1598477434880.000000 94.735001 
1598477434880.000000 7849.286133 
1598477434880.000000 935.068970 
1598477434880.000000 40.210999 
1598477434880.000000 603.252014 
1598477434880.000000 36.810001 
1598477434880.000000 1258.602051 
1598477434880.000000 567.669983 
1598477434880.000000 272.179016 
1598477434880.000000 1160.536987 
1598477434880.000000 2215.177979 
1598477434880.000000 323.458008 
1598477434880.000000 556.333984 
1598477434880.000000 4.846000 
1598477434880.000000 63.091999 
1598477434880.000000 99.138000 
1598477434880.000000 3.407000 
1598477434880.000000 1957.164062 
1598477434880.000000 2499.908936 
1598477434880.000000 1.573000 
1598477434880.000000 304.593994 
1598477434880.000000 13.322000 
1598477434880.000000 12.126000 
1598477434880.000000 1.468000 
1598477434880.000000 175.541000 
1598477434880.000000 21.745001 
1598477434880.000000 76.507004 
1598477434880.000000 48.912998 
1598477434880.000000 486.182983 
1598477434880.000000 451.669006 
1598477434880.000000 5024.296875 
1598477434880.000000 82.924004 
1598477434880.000000 6.418000 
1598477434880.000000 153.716995 
1598477434880.000000 181.182983 
1598477434880.000000 2040.857056 
1598477434880.000000 184.699997 
1598477434880.000000 65.810997 
1598477434880.000000 475.505005 
1598477434880.000000 457.010986 
1598477434880.000000 70.185997 
1598477434880.000000 1155.725952 
1598477434880.000000 4885.856934 
1598477434880.000000 433.419006 
1598477434880.000000 4040.375000 
1598477434880.000000 90.841980 
1598477434880.000000 122.007004 
1598477434880.000000 22.743000 
1598477434880.000000 73.897003 
1598477434880.000000 530.164978 
1598477434880.000000 64.007004 
1598477434880.000000 1.852000 
1598477434880.000000 22.357000 
1598477434880.000000 1110.607056 
1598477434880.000000 450.387024 
1598477434880.000000 2852.936035 
1598477434880.000000 1450.244019 
1598477434880.000000 48.631001 
1598477434880.000000 80.397003 
1598477434880.000000 1943.125977 
1598477434880.000000 746.797974 
1598477434880.000000 6299.046875 
1598477434880.000000 55.320999 
1598477434880.000000 1227.196045 
1598477434880.000000 276.114990 
1598477434880.000000 138.550003 
1598477434880.000000 652.104980 
1598477434880.000000 3963.416016 
1598477434880.000000 103.542000 
1598477434880.000000 420.046997 
1598477434880.000000 2104.673096 
1598477434880.000000 80.139000 
1598477434880.000000 1012.736023 
1598477434880.000000 3305.728027 
1598477434880.000000 9019.850586 
1598477434880.000000 431.640015 
1598477434880.000000 1203.484985 
1598477434880.000000 181.981995 
1598477434880.000000 138.326996 
1598477434880.000000 4471.937988 
1598477434880.000000 315.128998 
1598477434880.000000 199.702026 
1598477434880.000000 14.118000 
1598477434880.000000 1034.743042 
1598477434880.000000 47.705002 
1598477434880.000000 240.835999 
1598477434880.000000 238.666000 
1598477434880.000000 448.244019 
1598477434880.000000 9.503000 
1598477434880.000000 5051.267090 
1598477434880.000000 227.841995 
1598477434880.000000 482.252014 
1598477434880.000000 24.091999 
1598477434880.000000 1806.241943 
1598477434880.000000 82.803001 
1598477434880.000000 122.304001 
1598477434880.000000 3892.019043 
1598477434880.000000 1204.629028 
1598477434880.000000 766.390991 
1598477434880.000000 3052.749023 
1598477434880.000000 20.584999 
1598477434880.000000 3335.332031 
1598477434880.000000 691.690979 
1598477434880.000000 67.768005 
1598477565952.000000 47.352001 
1598477565952.000000 3409.907959 
1598477565952.000000 626.559998 
1598477565952.000000 2405.347900 
1598477565952.000000 279.782013 
1598477565952.000000 41.394001 
1598477565952.000000 3030.051025 
1598477565952.000000 24.780001 
1598477565952.000000 70.200996 
1598477565952.000000 1621.093018 
1598477565952.000000 41.057999 
1598477565952.000000 240.470001 
1598477565952.000000 393.109009 
1598477565952.000000 4.046000 
1598477565952.000000 700.094971 
1598477565952.000000 4185.416016 
1598477565952.000000 486.880005 
1598477565952.000000 692.485962 
1598477565952.000000 280.635986 
1598477565952.000000 175.348999 
1598477565952.000000 392.591980 
1598477565952.000000 10.742000 
1598477565952.000000 753.724976 
1598477565952.000000 294.812012 
1598477565952.000000 4081.268066 
1598477565952.000000 191.453003 
1598477565952.000000 320.662994 
1598477565952.000000 585.640015 
1598477565952.000000 59.816002 
1598477565952.000000 153.615997 
1598477565952.000000 759.427002 
1598477565952.000000 190.539001 
1598477565952.000000 334.489014 
1598477565952.000000 869.268005 
1598477565952.000000 1033.977051 
1598477565952.000000 301.288025 
1598477565952.000000 34.992001 
1598477565952.000000 2329.790039 
1598477565952.000000 174.768005 
1598477565952.000000 3721.517090 
1598477565952.000000 1168.850952 
1598477565952.000000 299.101990 
1598477565952.000000 883.864014 
1598477565952.000000 2.624000 
1598477565952.000000 79.544998 
1598477565952.000000 87.986000 
1598477565952.000000 1863.429932 
1598477565952.000000 29.924000 
1598477565952.000000 92.478996 
1598477565952.000000 938.179016 
1598477565952.000000 392.255981 
1598477565952.000000 5237.957031 
1598477565952.000000 24.636000 
1598477565952.000000 111.764999 
1598477565952.000000 345.522003 
1598477565952.000000 5160.440918 
1598477565952.000000 910.335022 
1598477565952.000000 4.098000 
1598477565952.000000 113.792000 
1598477565952.000000 2.008000 
1598477565952.000000 51.955002 
1598477565952.000000 873.577026 
1598477565952.000000 268.584991 
1598477565952.000000 404.600006 
1598477565952.000000 692.901978 
1598477565952.000000 841.083984 
1598477565952.000000 150.388000 
1598477565952.000000 312.289001 
1598477565952.000000 13.334000 
1598477565952.000000 128.533005 
1598477565952.000000 52.480000 
1598477565952.000000 71.439003 
1598477565952.000000 7734.440918 
1598477565952.000000 271.119019 
1598477565952.000000 40.262001 
1598477565952.000000 11.057000 
1598477565952.000000 361.112000 
1598477565952.000000 2656.354004 
1598477565952.000000 48.412998 
1598477565952.000000 357.108002 
1598477565952.000000 198.932007 
1598477565952.000000 236.955994 
1598477565952.000000 1075.511963 
1598477565952.000000 1174.453979 
1598477565952.000000 291.606995 
1598477565952.000000 307.619995 
1598477565952.000000 21.830000 
1598477565952.000000 9.468000 
1598477565952.000000 187.511993 
1598477565952.000000 6.583000 
1598477565952.000000 44.489014 
1598477565952.000000 17.594999 
1598477565952.000000 999.494019 
1598477565952.000000 1176.660034 
1598477565952.000000 807.037964 
1598477565952.000000 3716.092041 
1598477565952.000000 1492.480957 
1598477565952.000000 1100.630005 
1598477565952.000000 10.722000 
1598477565952.000000 697.190002 
1598477565952.000000 712.830994 
1598477565952.000000 6856.126953 
1598477565952.000000 539.176025 
1598477565952.000000 30.424000 
1598477565952.000000 127.904999 
1598477565952.000000 429.230011 
1598477565952.000000 28.282000 
1598477565952.000000 1417.261963 
1598477565952.000000 5758.831055 
1598477565952.000000 2903.502930 
1598477565952.000000 560.640015 
1598477565952.000000 208.908997 
1598477565952.000000 2414.412109 
1598477565952.000000 668.648987 
1598477565952.000000 327.982971 
1598477565952.000000 242.235001 
1598477565952.000000 802.280029 
1598477565952.000000 465.618988 
1598477565952.000000 14.201000 
1598477565952.000000 387.234985 
1598477565952.000000 8.717000 
1598477565952.000000 13.110000 
1598477565952.000000 77.530029 
1598477565952.000000 1329.256958 
1598477565952.000000 894.242004 
1598477565952.000000 301.515015 
1598477565952.000000 744.662964 
1598477565952.000000 382.791992 
1598477565952.000000 49.807999 
1598477565952.000000 182.908997 
1598477565952.000000 3752.489990 
1598477565952.000000 3282.396973 
1598477565952.000000 3039.378906 
1598477565952.000000 31.761999 
1598477565952.000000 109.714996 
1598477565952.000000 3.765000 
1598477565952.000000 510.394012 
1598477565952.000000 4193.018066 
1598477565952.000000 10.764000 
1598477565952.000000 1559.494995 
1598477565952.000000 86.632004 
1598477565952.000000 185.360992 
1598477565952.000000 147.483994 
1598477565952.000000 343.228027 
1598477565952.000000 36.081001 
1598477565952.000000 6270.118164 
1598477697024.000000 508.640015 
1598477697024.000000 501.326996 
1598477697024.000000 2479.291016 
1598477697024.000000 220.490005 
1598477697024.000000 1564.020020 
1598477697024.000000 7.358000 
1598477697024.000000 21.695999 
1598477697024.000000 1001.906006 
1598477697024.000000 684.835999 
1598477697024.000000 271.765015 
1598477697024.000000 228.072021 
1598477697024.000000 140.244995 
1598477697024.000000 2498.294922 
1598477697024.000000 327.286987 
1598477697024.000000 393.159973 
1598477697024.000000 1111.460938 
1598477697024.000000 1103.265991 
1598477697024.000000 791.625977 
1598477697024.000000 136.852997 
1598477697024.000000 194.485001 
1598477697024.000000 1347.078979 
1598477697024.000000 58.376999 
1598477697024.000000 259.398987 
