1600423985152.000000 171.257004 
1600423985152.000000 278.536011 
1600423985152.000000 165.158997 
1600423985152.000000 1748.345947 
1600423985152.000000 108.557999 
1600423985152.000000 443.344971 
1600423985152.000000 1055.366943 
1600423985152.000000 755.684998 
1600423985152.000000 2608.671875 
1600423985152.000000 34.270000 
1600423985152.000000 4.000000 
1600423985152.000000 55.583000 
1600423985152.000000 1068.800049 
1600423985152.000000 104.051003 
1600423985152.000000 1853.718018 
1600423985152.000000 404.393005 
1600423985152.000000 5.993000 
1600423985152.000000 176.906998 
1600423985152.000000 642.044006 
1600423985152.000000 68.557983 
1600423985152.000000 8.316000 
1600423985152.000000 47.514000 
1600423985152.000000 238.315994 
1600423985152.000000 472.375000 
1600423985152.000000 611.593018 
1600423985152.000000 164.367004 
1600423985152.000000 144.388000 
1600423985152.000000 4.884000 
1600423985152.000000 826.757019 
1600423985152.000000 30.871000 
1600423985152.000000 277.850006 
1600423985152.000000 74.428001 
1600423985152.000000 219.758972 
1600423985152.000000 141.169006 
1600423985152.000000 363.414001 
1600423985152.000000 23.844999 
1600423985152.000000 3.594000 
1600423985152.000000 15.930000 
1600423985152.000000 93.046997 
1600423985152.000000 17.572001 
1600423985152.000000 71.359001 
1600423985152.000000 291.171021 
1600423985152.000000 259.031006 
1600423985152.000000 354.052002 
1600423985152.000000 67.161003 
1600423985152.000000 450.302002 
1600423985152.000000 76.445000 
1600423985152.000000 378.519989 
1600423985152.000000 2319.499023 
1600423985152.000000 1882.359009 
1600423985152.000000 1031.744995 
1600423985152.000000 298.359009 
1600423985152.000000 300.346985 
1600423985152.000000 3514.687988 
1600423985152.000000 46.071999 
1600423985152.000000 27.914000 
1600423985152.000000 170.764008 
1600423985152.000000 38.567001 
1600423985152.000000 631.948975 
1600423985152.000000 2.718000 
1600423985152.000000 8.538000 
1600423985152.000000 152.162994 
1600423985152.000000 1246.314941 
1600423985152.000000 29.277000 
1600423985152.000000 1509.473999 
1600423985152.000000 158.893005 
1600423985152.000000 453.907990 
1600423985152.000000 1112.697998 
1600423985152.000000 238.772995 
1600423985152.000000 184.684998 
1600423985152.000000 18.382999 
1600423985152.000000 324.007996 
1600423985152.000000 813.414001 
1600423985152.000000 152.128998 
1600423985152.000000 3051.988037 
1600423985152.000000 655.768005 
1600423985152.000000 956.359009 
1600423985152.000000 921.567017 
1600423985152.000000 306.481995 
1600423985152.000000 618.056030 
1600423985152.000000 935.285034 
1600423985152.000000 47.692001 
1600423985152.000000 441.731018 
1600423985152.000000 1832.804932 
1600423985152.000000 476.557007 
1600423985152.000000 349.466980 
1600423985152.000000 93.878998 
1600423985152.000000 532.418030 
1600423985152.000000 252.606995 
1600423985152.000000 4.603000 
1600423985152.000000 280.400024 
1600423985152.000000 3.330000 
1600423985152.000000 2098.501953 
1600423985152.000000 1793.668945 
1600423985152.000000 171.335007 
1600423985152.000000 18.535999 
1600423985152.000000 132.910004 
1600423985152.000000 1233.599976 
1600423985152.000000 396.184998 
1600423985152.000000 60.387001 
1600423985152.000000 17.066000 
1600423985152.000000 8.885000 
1600423985152.000000 75.237000 
1600423985152.000000 519.741028 
1600423985152.000000 396.693970 
1600423985152.000000 2361.142090 
1600423985152.000000 3.621000 
1600423985152.000000 283.052002 
1600423985152.000000 23.992001 
1600423985152.000000 136.013000 
1600423985152.000000 45.213001 
1600423985152.000000 688.127014 
1600423985152.000000 419.388000 
1600423985152.000000 46.779999 
1600423985152.000000 35.946999 
1600423985152.000000 1.515000 
1600423985152.000000 90.274002 
1600423985152.000000 2068.042969 
1600423985152.000000 17.382999 
1600423985152.000000 446.200989 
1600423985152.000000 8.712000 
1600423985152.000000 31.403000 
1600423985152.000000 553.140015 
1600423985152.000000 64.916000 
1600423985152.000000 536.143982 
1600423985152.000000 1331.539062 
1600423985152.000000 1099.558960 
1600423985152.000000 58.891998 
1600423985152.000000 47.490002 
1600423985152.000000 544.787964 
1600423985152.000000 11.536000 
1600423985152.000000 341.868988 
1600423985152.000000 1357.884033 
1600423985152.000000 49.283001 
1600423985152.000000 179.270020 
1600423985152.000000 682.502991 
1600423985152.000000 440.851013 
1600423985152.000000 14.089000 
1600423985152.000000 133.080994 
1600423985152.000000 6.748000 
1600423985152.000000 542.289978 
1600423985152.000000 2105.134033 
1600423985152.000000 16.289000 
1600423985152.000000 470.195984 
1600423985152.000000 1326.005981 
1600424116224.000000 1098.901978 
1600424116224.000000 46.814999 
1600424116224.000000 18.914000 
1600424116224.000000 330.638000 
1600424116224.000000 4.757000 
1600424116224.000000 432.549011 
1600424116224.000000 24.219999 
1600424116224.000000 171.154007 
1600424116224.000000 3844.479004 
1600424116224.000000 1.498000 
1600424116224.000000 515.566040 
1600424116224.000000 9.862000 
1600424116224.000000 1771.838989 
1600424116224.000000 299.122009 
1600424116224.000000 8.244000 
1600424116224.000000 1100.769043 
1600424116224.000000 145.041000 
1600424116224.000000 43.938999 
1600424116224.000000 149.339996 
1600424116224.000000 108.903000 
1600424116224.000000 2358.062012 
1600424116224.000000 13.024000 
1600424116224.000000 19.073000 
1600424116224.000000 744.830994 
1600424116224.000000 181.153000 
1600424116224.000000 593.343018 
1600424116224.000000 2813.404053 
1600424116224.000000 5.156000 
1600424116224.000000 901.921997 
1600424116224.000000 9.010000 
1600424116224.000000 14.994000 
1600424116224.000000 367.362000 
1600424116224.000000 61.997002 
1600424116224.000000 152.838013 
1600424116224.000000 447.608002 
1600424116224.000000 149.716003 
1600424116224.000000 23.166000 
1600424116224.000000 493.265015 
1600424116224.000000 2.990000 
1600424116224.000000 14.068000 
1600424116224.000000 50.905998 
1600424116224.000000 11.410000 
1600424116224.000000 1008.362976 
1600424116224.000000 503.545013 
1600424116224.000000 11.639000 
1600424116224.000000 2097.277100 
1600424116224.000000 414.041016 
1600424116224.000000 846.833984 
1600424116224.000000 83.647003 
1600424116224.000000 164.367996 
1600424116224.000000 1397.164062 
1600424116224.000000 520.394043 
1600424116224.000000 22.662001 
1600424116224.000000 5.443000 
1600424116224.000000 5291.204102 
1600424116224.000000 136.184006 
1600424116224.000000 24.806999 
1600424116224.000000 989.435974 
1600424116224.000000 133.037994 
1600424116224.000000 122.866028 
1600424116224.000000 13.510000 
1600424116224.000000 61.577000 
1600424116224.000000 1256.122070 
1600424116224.000000 28.926001 
1600424116224.000000 221.117004 
1600424116224.000000 27.787001 
1600424116224.000000 53.261002 
1600424116224.000000 779.036987 
1600424116224.000000 524.031982 
1600424116224.000000 4973.812988 
1600424116224.000000 1248.990967 
1600424116224.000000 40.242001 
1600424116224.000000 1457.942017 
1600424116224.000000 571.570007 
1600424116224.000000 22.108000 
1600424116224.000000 940.528015 
1600424116224.000000 615.195984 
1600424116224.000000 193.653992 
1600424116224.000000 2.964000 
1600424116224.000000 1.574000 
1600424116224.000000 183.552002 
1600424116224.000000 4.573000 
1600424116224.000000 45.671001 
1600424116224.000000 850.640991 
1600424116224.000000 1938.310059 
1600424116224.000000 6.752000 
1600424116224.000000 263.326996 
1600424116224.000000 2132.529053 
1600424116224.000000 300.738007 
1600424116224.000000 919.384033 
1600424116224.000000 1652.833008 
1600424116224.000000 55.667999 
1600424116224.000000 14.034000 
1600424116224.000000 39.474998 
1600424116224.000000 98.945000 
1600424116224.000000 11.576000 
1600424116224.000000 120.759003 
1600424116224.000000 2.545000 
1600424116224.000000 117.805000 
1600424116224.000000 57.040001 
1600424116224.000000 17.441000 
1600424116224.000000 231.135010 
1600424116224.000000 3.635000 
1600424116224.000000 1534.877930 
1600424116224.000000 26.207001 
1600424116224.000000 259.588989 
1600424116224.000000 398.369995 
1600424116224.000000 7.779000 
1600424116224.000000 1077.717041 
1600424116224.000000 11.587000 
1600424116224.000000 15.579000 
1600424116224.000000 167.089996 
1600424116224.000000 251.697006 
1600424116224.000000 188.270020 
1600424116224.000000 61.258999 
1600424116224.000000 27.695000 
1600424116224.000000 86.424004 
1600424116224.000000 677.396973 
1600424116224.000000 54.741028 
1600424116224.000000 1.547000 
1600424116224.000000 34.609001 
1600424116224.000000 626.265015 
1600424116224.000000 2796.025879 
1600424116224.000000 9.167000 
1600424116224.000000 31.007999 
1600424116224.000000 71.946999 
1600424116224.000000 2631.525879 
1600424116224.000000 1331.391968 
1600424116224.000000 177.716003 
1600424116224.000000 31.135000 
1600424116224.000000 4526.139160 
1600424116224.000000 1753.177979 
1600424116224.000000 6241.347168 
1600424116224.000000 6640.143066 
1600424116224.000000 1271.695068 
1600424116224.000000 4.847000 
1600424116224.000000 13.222000 
1600424116224.000000 1072.956055 
1600424116224.000000 2.817000 
1600424116224.000000 48.130001 
1600424116224.000000 663.657959 
1600424116224.000000 98.456001 
1600424116224.000000 187.296997 
1600424116224.000000 1054.699951 
1600424116224.000000 297.953003 
1600424116224.000000 6.186000 
1600424116224.000000 9.011000 
1600424116224.000000 170.130005 
1600424116224.000000 12.049000 
1600424116224.000000 33.676998 
1600424116224.000000 181.559998 
1600424116224.000000 10.589000 
1600424116224.000000 36.537998 
1600424116224.000000 172.722000 
1600424116224.000000 77.997002 
1600424116224.000000 3220.763916 
1600424116224.000000 554.484009 
1600424116224.000000 1014.656982 
1600424116224.000000 1412.447021 
1600424116224.000000 734.901978 
1600424116224.000000 2.691000 
1600424116224.000000 546.836975 
1600424116224.000000 12.086000 
1600424116224.000000 158.617981 
1600424116224.000000 2375.215088 
1600424116224.000000 324.613007 
1600424116224.000000 29.612000 
1600424116224.000000 1773.261963 
1600424116224.000000 992.877991 
1600424116224.000000 104.218002 
1600424116224.000000 4.900000 
1600424116224.000000 122.634003 
1600424116224.000000 1176.006958 
1600424116224.000000 101.164978 
1600424116224.000000 15.529000 
1600424116224.000000 35.570000 
1600424116224.000000 246.337006 
1600424116224.000000 125.002998 
1600424116224.000000 373.050995 
1600424116224.000000 152.742981 
1600424116224.000000 915.494019 
1600424116224.000000 768.765015 
1600424116224.000000 164.921005 
1600424116224.000000 1167.549072 
1600424116224.000000 46.823002 
1600424116224.000000 1437.644043 
1600424116224.000000 444.790009 
1600424116224.000000 26.406006 
1600424116224.000000 1293.729004 
1600424116224.000000 50.636002 
1600424116224.000000 988.575989 
1600424116224.000000 3.214000 
1600424116224.000000 380.269012 
1600424116224.000000 549.851990 
1600424116224.000000 2908.389893 
1600424116224.000000 580.601013 
1600424116224.000000 151.968994 
1600424116224.000000 2397.217041 
1600424116224.000000 159.442993 
1600424116224.000000 208.587997 
1600424116224.000000 1555.119995 
1600424116224.000000 3.537000 
1600424116224.000000 192.723007 
1600424116224.000000 21.691999 
1600424116224.000000 34.674000 
1600424116224.000000 440.967010 
1600424116224.000000 285.893982 
1600424116224.000000 229.197006 
1600424116224.000000 202.692993 
1600424116224.000000 2.945000 
1600424116224.000000 464.056030 
1600424247296.000000 1.338000 
1600424247296.000000 226.722000 
1600424247296.000000 1162.578979 
1600424247296.000000 1241.685059 
1600424247296.000000 769.208008 
1600424247296.000000 1170.100952 
1600424247296.000000 15.209000 
1600424247296.000000 45.132999 
1600424247296.000000 1025.616943 
1600424247296.000000 133.367996 
1600424247296.000000 3.431000 
1600424247296.000000 151.591003 
1600424247296.000000 108.919998 
1600424247296.000000 215.832001 
1600424247296.000000 415.894989 
1600424247296.000000 260.512024 
1600424247296.000000 938.792969 
1600424247296.000000 1.947000 
1600424247296.000000 119.791000 
1600424247296.000000 19.659000 
1600424247296.000000 234.473007 
1600424247296.000000 24.968000 
1600424247296.000000 30.395000 
1600424247296.000000 106.148003 
1600424247296.000000 47.318001 
1600424247296.000000 37.721001 
1600424247296.000000 24.827000 
1600424247296.000000 17.497000 
1600424247296.000000 1825.404053 
1600424247296.000000 1583.020996 
1600424247296.000000 67.760002 
1600424247296.000000 539.861023 
1600424247296.000000 376.335999 
1600424247296.000000 46.362999 
1600424247296.000000 1661.917969 
1600424247296.000000 11.281000 
1600424247296.000000 833.424988 
1600424247296.000000 4.178000 
1600424247296.000000 269.079010 
1600424247296.000000 88.180000 
1600424247296.000000 102.174011 
1600424247296.000000 208.970001 
1600424247296.000000 6.290000 
1600424247296.000000 178.792007 
1600424247296.000000 123.265999 
1600424247296.000000 1631.662964 
1600424247296.000000 78.033997 
1600424247296.000000 29.827000 
1600424247296.000000 258.300995 
1600424247296.000000 19.070000 
1600424247296.000000 7.895000 
1600424247296.000000 302.178009 
1600424247296.000000 1843.216064 
1600424247296.000000 4.824000 
1600424247296.000000 154.612000 
1600424247296.000000 146.807007 
1600424247296.000000 717.418030 
1600424247296.000000 392.068970 
1600424247296.000000 84.984001 
1600424247296.000000 113.100998 
1600424247296.000000 7.554000 
1600424247296.000000 125.333000 
1600424247296.000000 54.495998 
1600424247296.000000 71.704002 
1600424247296.000000 26.320000 
1600424247296.000000 644.296021 
1600424247296.000000 241.729996 
1600424247296.000000 1067.953979 
1600424247296.000000 152.776001 
1600424247296.000000 69.902000 
1600424247296.000000 88.218002 
1600424247296.000000 1336.803955 
1600424247296.000000 46.323002 
1600424247296.000000 94.652000 
1600424247296.000000 128.059998 
1600424247296.000000 7.069000 
1600424247296.000000 42.792999 
1600424247296.000000 2417.578125 
1600424247296.000000 228.201996 
1600424247296.000000 83.219002 
1600424247296.000000 459.890015 
1600424247296.000000 86.056999 
1600424247296.000000 83.117996 
1600424247296.000000 63.637024 
1600424247296.000000 215.889008 
1600424247296.000000 17.395000 
1600424247296.000000 72.155998 
1600424247296.000000 88.235001 
1600424247296.000000 178.889008 
1600424247296.000000 949.575989 
1600424247296.000000 1481.994995 
1600424247296.000000 9.370000 
1600424247296.000000 101.689003 
1600424247296.000000 454.859985 
1600424247296.000000 107.860001 
1600424247296.000000 722.028015 
1600424247296.000000 105.427002 
1600424247296.000000 141.354996 
1600424247296.000000 237.274994 
1600424247296.000000 588.901978 
1600424247296.000000 127.113998 
1600424247296.000000 287.479004 
1600424247296.000000 439.770020 
1600424247296.000000 719.691040 
1600424247296.000000 216.130997 
1600424247296.000000 35.097000 
1600424247296.000000 115.702003 
1600424247296.000000 295.032013 
1600424247296.000000 185.272003 
1600424247296.000000 690.442993 
1600424247296.000000 507.264008 
1600424247296.000000 2245.127930 
1600424247296.000000 143.255997 
1600424247296.000000 1.867000 
1600424247296.000000 43.368000 
1600424247296.000000 34.450001 
1600424247296.000000 37.025002 
1600424247296.000000 251.723007 
1600424247296.000000 2188.702148 
1600424247296.000000 1752.268066 
1600424247296.000000 288.181030 
1600424247296.000000 2943.149902 
1600424247296.000000 418.876007 
1600424247296.000000 640.868042 
1600424247296.000000 420.839996 
1600424247296.000000 38.948002 
1600424247296.000000 304.782990 
1600424247296.000000 529.302979 
1600424247296.000000 94.373001 
1600424247296.000000 386.049011 
1600424247296.000000 94.875999 
1600424247296.000000 10.979000 
1600424247296.000000 122.835022 
1600424247296.000000 1938.759033 
1600424247296.000000 131.464996 
1600424247296.000000 3080.548096 
1600424247296.000000 530.960999 
1600424247296.000000 641.499023 
1600424247296.000000 1402.229004 
1600424247296.000000 1483.390015 
1600424247296.000000 97.488998 
1600424247296.000000 1511.105957 
1600424247296.000000 139.955017 
1600424247296.000000 73.580002 
1600424247296.000000 129.727997 
1600424247296.000000 805.679993 
1600424247296.000000 249.600998 
1600424247296.000000 633.568970 
1600424247296.000000 399.638977 
1600424247296.000000 166.727997 
1600424247296.000000 48.321999 
1600424247296.000000 200.561005 
1600424247296.000000 268.052979 
1600424247296.000000 571.744995 
1600424247296.000000 539.316040 
1600424247296.000000 9.865000 
1600424247296.000000 498.005005 
1600424247296.000000 44.862999 
1600424247296.000000 36.573002 
1600424247296.000000 275.200989 
1600424247296.000000 271.972992 
1600424247296.000000 154.873993 
1600424247296.000000 695.577026 
1600424247296.000000 243.524002 
1600424247296.000000 87.521004 
1600424247296.000000 25.580000 
1600424247296.000000 793.875977 
1600424247296.000000 32.571999 
1600424247296.000000 171.475006 
1600424247296.000000 80.014999 
1600424247296.000000 2082.863037 
1600424247296.000000 682.764038 
1600424247296.000000 7.656000 
1600424247296.000000 317.588013 
1600424247296.000000 309.704010 
1600424247296.000000 51.458008 
1600424247296.000000 7.860000 
1600424247296.000000 383.359009 
1600424247296.000000 3.366000 
1600424247296.000000 1121.358032 
1600424247296.000000 159.414993 
1600424247296.000000 768.615967 
1600424247296.000000 172.647003 
1600424247296.000000 856.639038 
1600424247296.000000 135.117004 
1600424247296.000000 125.749001 
1600424247296.000000 852.536987 
1600424247296.000000 1210.178955 
1600424247296.000000 342.062988 
1600424247296.000000 21.232000 
1600424247296.000000 2.136000 
1600424247296.000000 3347.588867 
1600424247296.000000 670.372986 
1600424247296.000000 1.667000 
1600424247296.000000 757.249023 
1600424247296.000000 1856.824951 
1600424247296.000000 3.284000 
1600424247296.000000 171.504028 
1600424247296.000000 462.815002 
1600424247296.000000 30.579000 
1600424247296.000000 209.647995 
1600424247296.000000 6.414000 
1600424247296.000000 7.910000 
1600424247296.000000 365.999023 
1600424247296.000000 41.783001 
1600424247296.000000 3000.313965 
1600424247296.000000 2713.128906 
1600424247296.000000 25.000999 
1600424247296.000000 287.117981 
1600424247296.000000 3.566000 
1600424247296.000000 43.198002 
1600424247296.000000 549.101990 
1600424247296.000000 279.418030 
1600424247296.000000 1133.572998 
1600424247296.000000 59.327999 
1600424247296.000000 193.449005 
1600424247296.000000 169.746002 
1600424247296.000000 129.559006 
1600424247296.000000 127.606003 
1600424247296.000000 850.455994 
1600424247296.000000 26.544001 
1600424247296.000000 21.816000 
1600424247296.000000 3.056000 
1600424247296.000000 178.789993 
1600424247296.000000 378.317017 
1600424247296.000000 624.210022 
1600424247296.000000 134.916992 
1600424247296.000000 34.946999 
1600424247296.000000 966.856995 
1600424247296.000000 579.997986 
1600424247296.000000 1055.124023 
1600424247296.000000 1722.751953 
1600424247296.000000 73.790001 
1600424247296.000000 467.160004 
1600424247296.000000 29.837000 
1600424247296.000000 52.028015 
1600424247296.000000 1217.885010 
1600424247296.000000 110.527000 
1600424247296.000000 37.375000 
1600424247296.000000 16.872999 
1600424247296.000000 231.335007 
1600424247296.000000 1868.588013 
1600424247296.000000 499.635986 
1600424247296.000000 124.446999 
1600424247296.000000 95.418999 
1600424247296.000000 36.804001 
1600424247296.000000 927.393005 
1600424247296.000000 430.911011 
1600424247296.000000 22.966000 
1600424247296.000000 506.759003 
1600424247296.000000 786.297974 
1600424247296.000000 19.277000 
1600424247296.000000 1488.096924 
1600424247296.000000 63.008999 
1600424247296.000000 762.835022 
1600424247296.000000 573.296997 
1600424247296.000000 28.989000 
1600424247296.000000 44.318001 
1600424247296.000000 10.363000 
1600424247296.000000 385.484009 
1600424247296.000000 478.539001 
1600424247296.000000 42.318001 
1600424247296.000000 111.059998 
1600424247296.000000 27.868999 
1600424247296.000000 249.666992 
1600424247296.000000 195.936996 
1600424247296.000000 1181.566040 
1600424247296.000000 1218.469971 
1600424247296.000000 125.859001 
1600424247296.000000 468.492004 
1600424247296.000000 0.801000 
1600424247296.000000 2360.885010 
1600424247296.000000 12.361000 
1600424247296.000000 10.376000 
1600424247296.000000 364.989014 
1600424247296.000000 59.868999 
1600424247296.000000 535.033020 
1600424247296.000000 50.088001 
1600424247296.000000 600.156006 
1600424247296.000000 3.777000 
1600424247296.000000 378.259003 
1600424247296.000000 22.667999 
1600424247296.000000 761.346985 
1600424247296.000000 176.084000 
1600424247296.000000 357.650024 
1600424247296.000000 8.163000 
1600424247296.000000 23.157000 
1600424247296.000000 234.917999 
1600424247296.000000 24.444000 
1600424247296.000000 24.146000 
1600424247296.000000 1047.566040 
1600424247296.000000 2175.780029 
1600424247296.000000 181.699005 
1600424247296.000000 1001.598999 
1600424247296.000000 10.052000 
1600424247296.000000 16.610001 
1600424247296.000000 353.588989 
1600424378368.000000 147.065002 
1600424378368.000000 174.386993 
1600424378368.000000 139.462997 
1600424378368.000000 41.502998 
1600424378368.000000 119.382004 
1600424378368.000000 128.022003 
1600424378368.000000 117.718018 
1600424378368.000000 52.797001 
1600424378368.000000 7.275000 
1600424378368.000000 117.073997 
1600424378368.000000 280.455994 
1600424378368.000000 242.472000 
1600424378368.000000 252.021973 
1600424378368.000000 65.536003 
1600424378368.000000 722.789001 
1600424378368.000000 15.791000 
1600424378368.000000 243.658020 
1600424378368.000000 43.307999 
1600424378368.000000 114.026001 
1600424378368.000000 55.555000 
1600424378368.000000 255.039001 
1600424378368.000000 103.489998 
1600424378368.000000 157.397003 
1600424378368.000000 144.610992 
1600424378368.000000 2378.979004 
1600424378368.000000 16.826000 
1600424378368.000000 1032.145996 
1600424378368.000000 789.212036 
1600424378368.000000 75.707001 
1600424378368.000000 58.068001 
1600424378368.000000 17.757999 
1600424378368.000000 1381.824951 
1600424378368.000000 200.393005 
1600424378368.000000 13.247000 
1600424378368.000000 4.456000 
1600424378368.000000 64.846008 
1600424378368.000000 189.507004 
1600424378368.000000 16.365000 
1600424378368.000000 46.280998 
1600424378368.000000 84.321999 
1600424378368.000000 61.183998 
1600424378368.000000 85.431999 
1600424378368.000000 487.897003 
1600424378368.000000 30.075012 
1600424378368.000000 2206.740967 
1600424378368.000000 1012.245972 
1600424378368.000000 846.184021 
1600424378368.000000 19.698000 
1600424378368.000000 154.447006 
1600424378368.000000 208.274994 
1600424378368.000000 126.417999 
1600424378368.000000 152.990005 
1600424378368.000000 11.545000 
1600424378368.000000 79.962997 
1600424378368.000000 4.647000 
1600424378368.000000 74.646004 
1600424378368.000000 2122.612061 
1600424378368.000000 112.107002 
1600424378368.000000 179.386002 
1600424378368.000000 2.616000 
1600424378368.000000 445.514008 
1600424378368.000000 333.666992 
1600424378368.000000 751.760986 
1600424378368.000000 5.018000 
1600424378368.000000 117.066002 
1600424378368.000000 3811.976074 
1600424378368.000000 2414.621094 
1600424378368.000000 62.583000 
1600424378368.000000 79.588997 
1600424378368.000000 439.289001 
1600424378368.000000 1124.348022 
1600424378368.000000 217.916992 
1600424378368.000000 1772.883057 
1600424378368.000000 4.699000 
1600424378368.000000 1888.161011 
1600424378368.000000 59.859001 
1600424378368.000000 3.595000 
1600424378368.000000 50.271999 
1600424378368.000000 29.364000 
1600424378368.000000 143.364990 
1600424378368.000000 135.647995 
1600424378368.000000 25.194000 
1600424378368.000000 664.973022 
1600424378368.000000 323.028992 
1600424378368.000000 2774.990967 
1600424378368.000000 57.082001 
1600424378368.000000 37.925999 
1600424378368.000000 1.610000 
1600424378368.000000 616.492981 
1600424378368.000000 18.917000 
1600424378368.000000 44.193001 
1600424378368.000000 22.638000 
1600424378368.000000 145.496002 
1600424378368.000000 819.906982 
1600424378368.000000 57.435001 
1600424378368.000000 293.177979 
1600424378368.000000 6009.186035 
1600424378368.000000 25.865999 
1600424378368.000000 2177.000977 
1600424378368.000000 86.389999 
1600424378368.000000 14.122000 
1600424378368.000000 480.602997 
1600424378368.000000 697.667969 
1600424378368.000000 198.682999 
1600424378368.000000 268.098999 
1600424378368.000000 134.223999 
1600424378368.000000 0.915000 
1600424378368.000000 88.654999 
1600424378368.000000 413.251007 
1600424378368.000000 3.828000 
1600424378368.000000 12.330000 
1600424378368.000000 0.375000 
1600424378368.000000 417.237976 
1600424378368.000000 0.934000 
1600424378368.000000 1065.916016 
1600424378368.000000 10.603000 
1600424378368.000000 29.650000 
1600424378368.000000 52.692001 
1600424378368.000000 1.686000 
1600424378368.000000 1223.570068 
1600424378368.000000 100.528999 
1600424378368.000000 78.834999 
1600424378368.000000 1596.941040 
1600424378368.000000 18.719000 
1600424378368.000000 402.250000 
1600424378368.000000 768.096008 
1600424378368.000000 103.711998 
1600424378368.000000 907.143982 
1600424378368.000000 160.410004 
1600424378368.000000 141.022003 
1600424378368.000000 613.640015 
1600424378368.000000 0.570000 
