1597283500032.000000 495.057007 
1597283500032.000000 206.274994 
1597283500032.000000 308.653992 
1597283500032.000000 1255.137939 
1597283500032.000000 4772.900879 
1597283500032.000000 40.452999 
1597283500032.000000 999.666016 
1597283500032.000000 42.924999 
1597283500032.000000 532.010986 
1597283500032.000000 445.315002 
1597283500032.000000 30.291000 
1597283500032.000000 237.929993 
1597283500032.000000 95.484001 
1597283500032.000000 21.072001 
1597283500032.000000 334.364990 
1597283500032.000000 182.787994 
1597283500032.000000 248.992004 
1597283500032.000000 5.198000 
1597283500032.000000 1229.432983 
1597283500032.000000 450.338013 
1597283500032.000000 8.482000 
1597283500032.000000 154.067001 
1597283500032.000000 97.084999 
1597283500032.000000 1.386000 
1597283500032.000000 257.963989 
1597283500032.000000 105.855003 
1597283500032.000000 562.479004 
1597283500032.000000 0.907000 
1597283500032.000000 166.283997 
1597283500032.000000 14.475000 
1597283500032.000000 5.350000 
1597283500032.000000 150.335999 
1597283500032.000000 8.398000 
1597283500032.000000 724.632996 
1597283500032.000000 133.330994 
1597283500032.000000 28.226999 
1597283500032.000000 474.568970 
1597283500032.000000 117.640999 
1597283500032.000000 373.553986 
1597283500032.000000 852.848022 
1597283500032.000000 388.330017 
1597283500032.000000 22.625000 
1597283500032.000000 28.325001 
1597283500032.000000 66.843002 
1597283500032.000000 1367.968018 
1597283500032.000000 318.383972 
1597283500032.000000 1282.647949 
1597283500032.000000 274.316010 
1597283500032.000000 1201.876953 
1597283500032.000000 190.445999 
1597283500032.000000 18.299999 
1597283500032.000000 241.388000 
1597283500032.000000 289.026001 
1597283500032.000000 86.426003 
1597283500032.000000 21.430000 
1597283500032.000000 659.369995 
1597283500032.000000 139.494995 
1597283500032.000000 82.269997 
1597283500032.000000 1530.808960 
1597283500032.000000 6928.992188 
1597283500032.000000 167.630005 
1597283500032.000000 1062.823975 
1597283500032.000000 279.627014 
1597283500032.000000 265.864990 
1597283500032.000000 65.932999 
1597283500032.000000 7.319000 
1597283500032.000000 739.184998 
1597283500032.000000 1173.331055 
1597283500032.000000 824.645996 
1597283500032.000000 24.136999 
1597283500032.000000 74.068001 
1597283500032.000000 43.943001 
1597283500032.000000 706.528992 
1597283500032.000000 39.653999 
1597283500032.000000 57.146999 
1597283500032.000000 2247.496094 
1597283500032.000000 29.725000 
1597283500032.000000 344.234985 
1597283500032.000000 21.205999 
1597283500032.000000 79.627998 
1597283500032.000000 78.504997 
1597283500032.000000 770.863037 
1597283500032.000000 96.948997 
1597283500032.000000 447.821014 
1597283500032.000000 893.421021 
1597283500032.000000 90.489998 
1597283500032.000000 732.161987 
1597283500032.000000 3166.549072 
1597283500032.000000 590.789001 
1597283500032.000000 1.161000 
1597283500032.000000 48.933998 
1597283500032.000000 0.909000 
1597283500032.000000 4840.082031 
1597283500032.000000 388.091003 
1597283500032.000000 62.605999 
1597283500032.000000 1212.647949 
1597283500032.000000 51.349998 
1597283500032.000000 483.684998 
1597283500032.000000 106.047997 
1597283500032.000000 12.693000 
1597283500032.000000 132.774002 
1597283500032.000000 22.118999 
1597283500032.000000 1.296000 
1597283500032.000000 7.797000 
1597283500032.000000 5497.192871 
1597283500032.000000 371.455994 
1597283500032.000000 87.820000 
1597283500032.000000 1278.733032 
1597283500032.000000 413.750977 
1597283500032.000000 62.431999 
1597283500032.000000 729.757996 
1597283500032.000000 0.448000 
1597283500032.000000 1425.866943 
1597283500032.000000 318.264008 
1597283500032.000000 0.605000 
1597283500032.000000 40.243000 
1597283500032.000000 10.912000 
1597283500032.000000 8.013000 
1597283500032.000000 721.520020 
1597283500032.000000 1243.431030 
1597283500032.000000 32.063000 
1597283500032.000000 6.331000 
1597283500032.000000 3060.797119 
1597283500032.000000 36.570999 
1597283500032.000000 118.269997 
1597283500032.000000 685.710999 
1597283500032.000000 295.221985 
1597283500032.000000 573.157959 
1597283500032.000000 13.392000 
1597283500032.000000 122.496002 
1597283500032.000000 146.942001 
1597283500032.000000 86.667999 
1597283500032.000000 1870.782959 
1597283500032.000000 62.408001 
1597283500032.000000 1016.301025 
1597283500032.000000 1402.666992 
1597283500032.000000 186.998001 
1597283500032.000000 596.789001 
1597283500032.000000 2041.085938 
1597283500032.000000 6.451000 
1597283500032.000000 43.716999 
1597283500032.000000 724.854980 
1597283500032.000000 807.401001 
1597283500032.000000 890.268982 
1597283500032.000000 2340.896973 
1597283500032.000000 45.396000 
1597283500032.000000 388.862000 
1597283500032.000000 3.591000 
1597283500032.000000 180.330994 
1597283500032.000000 78.160004 
1597283500032.000000 7.416000 
1597283500032.000000 38.772999 
1597283500032.000000 117.388000 
1597283500032.000000 42.094002 
1597283500032.000000 701.114014 
1597283500032.000000 1371.950928 
1597283500032.000000 117.044998 
1597283500032.000000 461.132996 
1597283500032.000000 82.885002 
1597283500032.000000 49.688999 
1597283500032.000000 127.366997 
1597283500032.000000 151.990997 
1597283500032.000000 281.778992 
1597283500032.000000 447.358002 
1597283500032.000000 132.089996 
1597283500032.000000 7852.837891 
1597283500032.000000 68.731003 
1597283500032.000000 3.175000 
1597283500032.000000 480.286987 
1597283500032.000000 313.979004 
1597283500032.000000 2203.400879 
1597283500032.000000 1765.808960 
1597283500032.000000 443.332001 
1597283500032.000000 137.899002 
1597283500032.000000 12.092000 
1597283500032.000000 4.998000 
1597283500032.000000 25.094000 
1597283500032.000000 93.254028 
1597283500032.000000 2318.802002 
1597283500032.000000 35.070999 
1597283500032.000000 6150.737793 
1597283500032.000000 1911.171997 
1597283500032.000000 31.122000 
1597283500032.000000 74.821999 
1597283500032.000000 486.632996 
1597283500032.000000 106.107002 
1597283500032.000000 3355.081055 
1597283500032.000000 126.419998 
1597283500032.000000 624.304993 
1597283500032.000000 1364.125000 
1597283500032.000000 279.472992 
1597283500032.000000 656.096008 
1597283500032.000000 3.073000 
1597283500032.000000 182.503998 
1597283500032.000000 1057.270996 
1597283500032.000000 353.052979 
1597283631104.000000 1411.747070 
1597283631104.000000 1098.302002 
1597283631104.000000 15.472000 
1597283631104.000000 336.510010 
1597283631104.000000 1.878000 
1597283631104.000000 61.775002 
1597283631104.000000 180.938004 
1597283631104.000000 1550.703003 
1597283631104.000000 59.955002 
1597283631104.000000 2189.373047 
1597283631104.000000 570.065002 
1597283631104.000000 29.596001 
1597283631104.000000 665.143005 
1597283631104.000000 478.130005 
1597283631104.000000 161.693970 
1597283631104.000000 23.082001 
1597283631104.000000 221.867996 
1597283631104.000000 1976.879028 
1597283631104.000000 6.451000 
1597283631104.000000 951.653015 
1597283631104.000000 323.917999 
1597283631104.000000 38.560001 
1597283631104.000000 4492.239258 
1597283631104.000000 3.444000 
1597283631104.000000 18.347000 
1597283631104.000000 345.092010 
1597283631104.000000 64.990997 
1597283631104.000000 2045.503052 
1597283631104.000000 145.072998 
1597283631104.000000 6.185000 
1597283631104.000000 19.757000 
1597283631104.000000 66.859001 
1597283631104.000000 5.593000 
1597283631104.000000 116.122002 
1597283631104.000000 10.961000 
1597283631104.000000 17.083000 
1597283631104.000000 3602.979004 
1597283631104.000000 2288.857910 
1597283631104.000000 3.960000 
1597283631104.000000 1579.849976 
1597283631104.000000 19.142000 
1597283631104.000000 103.555000 
1597283631104.000000 1286.098022 
1597283631104.000000 14.093000 
1597283631104.000000 1494.198975 
1597283631104.000000 254.723999 
1597283631104.000000 270.234009 
1597283631104.000000 45.445000 
1597283631104.000000 422.729980 
1597283631104.000000 382.076996 
1597283631104.000000 862.307007 
1597283631104.000000 86.124001 
1597283631104.000000 10.434000 
1597283631104.000000 21.837999 
1597283631104.000000 3939.646973 
1597283631104.000000 2.068000 
1597283631104.000000 30.105000 
1597283631104.000000 0.915000 
1597283631104.000000 286.945007 
1597283631104.000000 413.512024 
1597283631104.000000 1101.474976 
1597283631104.000000 1096.295044 
1597283631104.000000 112.626999 
1597283631104.000000 117.023003 
1597283631104.000000 1.946000 
1597283631104.000000 1281.971924 
1597283631104.000000 2367.180908 
1597283631104.000000 15.220000 
1597283631104.000000 23.521999 
1597283631104.000000 0.694000 
1597283631104.000000 142.880005 
1597283631104.000000 1808.453979 
1597283631104.000000 233.360992 
1597283631104.000000 597.964966 
1597283631104.000000 681.934021 
1597283631104.000000 2669.256104 
1597283631104.000000 13.898000 
1597283631104.000000 11.894000 
1597283631104.000000 279.235992 
1597283631104.000000 69.331001 
1597283631104.000000 343.614014 
1597283631104.000000 125.796997 
1597283631104.000000 65.068001 
1597283631104.000000 44.331001 
1597283631104.000000 413.108002 
1597283631104.000000 14.983000 
1597283631104.000000 279.507996 
1597283631104.000000 94.615997 
1597283631104.000000 250.572998 
1597283631104.000000 308.091003 
1597283631104.000000 70.230003 
1597283631104.000000 75.228027 
1597283631104.000000 12.889000 
1597283631104.000000 4639.224121 
1597283631104.000000 25.700001 
1597283631104.000000 37.567001 
1597283631104.000000 29.315001 
1597283631104.000000 137.947006 
1597283631104.000000 14.514000 
1597283631104.000000 934.299011 
1597283631104.000000 404.452026 
1597283631104.000000 2384.788086 
1597283631104.000000 874.401978 
1597283631104.000000 208.035995 
1597283631104.000000 1698.312012 
1597283631104.000000 8.073000 
1597283631104.000000 63.849998 
1597283631104.000000 1.155000 
1597283631104.000000 10.737000 
1597283631104.000000 1063.343994 
1597283631104.000000 50.002998 
1597283631104.000000 226.615997 
1597283631104.000000 248.236023 
1597283631104.000000 8.154000 
1597283631104.000000 227.811005 
1597283631104.000000 531.653992 
1597283631104.000000 374.658020 
1597283631104.000000 148.320007 
1597283631104.000000 306.572998 
1597283631104.000000 6.539000 
1597283631104.000000 389.906006 
1597283631104.000000 1128.597046 
1597283631104.000000 26.351000 
1597283631104.000000 140.354996 
1597283631104.000000 533.846985 
1597283631104.000000 604.830994 
1597283631104.000000 23.888000 
1597283631104.000000 13.655000 
1597283631104.000000 138.197998 
1597283631104.000000 264.802002 
1597283631104.000000 7.781982 
1597283631104.000000 701.515991 
1597283631104.000000 122.424004 
1597283631104.000000 31.090000 
1597283631104.000000 814.859009 
1597283631104.000000 150.399002 
1597283631104.000000 40.073002 
1597283631104.000000 154.237976 
1597283631104.000000 144.248001 
1597283631104.000000 154.091003 
1597283631104.000000 363.186005 
1597283631104.000000 1606.521973 
1597283631104.000000 3081.162109 
1597283631104.000000 72.315002 
1597283631104.000000 157.699997 
1597283631104.000000 875.115967 
1597283631104.000000 95.654999 
1597283631104.000000 430.002991 
1597283631104.000000 94.015999 
1597283631104.000000 156.367004 
1597283631104.000000 1167.889038 
1597283631104.000000 1451.346924 
1597283631104.000000 156.801025 
1597283631104.000000 40.033001 
1597283631104.000000 78.966003 
1597283631104.000000 4276.585938 
1597283631104.000000 4537.969727 
1597283631104.000000 2475.246094 
1597283631104.000000 754.164978 
1597283631104.000000 11.933000 
1597283631104.000000 3.308000 
1597283631104.000000 343.690002 
1597283631104.000000 524.083984 
1597283631104.000000 2125.969971 
1597283631104.000000 636.820984 
1597283631104.000000 281.411987 
1597283631104.000000 5.080000 
1597283631104.000000 30.002001 
1597283631104.000000 6.525000 
1597283631104.000000 33.999001 
1597283631104.000000 218.932999 
1597283631104.000000 21.294001 
1597283631104.000000 2117.970947 
1597283631104.000000 808.213013 
1597283631104.000000 17.816999 
1597283631104.000000 1681.497070 
1597283631104.000000 4.180000 
1597283631104.000000 89.855003 
1597283631104.000000 452.912994 
1597283631104.000000 20.122000 
1597283631104.000000 120.320000 
1597283631104.000000 772.412964 
1597283631104.000000 57.405998 
1597283631104.000000 20.186001 
1597283631104.000000 523.104980 
1597283631104.000000 150.182999 
1597283631104.000000 250.136993 
1597283631104.000000 81.144997 
1597283631104.000000 83.901001 
1597283631104.000000 606.374023 
1597283631104.000000 449.865997 
1597283631104.000000 195.052002 
1597283631104.000000 515.657959 
1597283631104.000000 50.370998 
1597283631104.000000 428.932007 
1597283631104.000000 4366.660156 
1597283631104.000000 12.735000 
1597283631104.000000 867.182983 
1597283631104.000000 22.712999 
1597283631104.000000 6.586000 
1597283631104.000000 49.493000 
1597283631104.000000 205.162994 
1597283631104.000000 726.674988 
1597283631104.000000 479.997986 
1597283631104.000000 121.927002 
1597283631104.000000 3202.487061 
1597283631104.000000 27.695999 
1597283631104.000000 34.847000 
1597283631104.000000 111.757004 
1597283631104.000000 425.354004 
1597283631104.000000 66.462997 
1597283631104.000000 13.975000 
1597283631104.000000 1076.255981 
1597283631104.000000 146.639008 
1597283631104.000000 203.156982 
1597283631104.000000 67.987000 
1597283631104.000000 2.154000 
1597283631104.000000 1145.479004 
1597283631104.000000 404.278015 
1597283631104.000000 62.706001 
1597283631104.000000 23.485001 
1597283631104.000000 72.699997 
1597283631104.000000 51.911999 
1597283631104.000000 183.715027 
1597283631104.000000 8.970000 
1597283631104.000000 1.581000 
1597283631104.000000 4.213000 
1597283631104.000000 249.591995 
1597283631104.000000 268.170990 
1597283631104.000000 55.009998 
1597283631104.000000 316.471985 
1597283631104.000000 16.517000 
1597283631104.000000 2562.112061 
1597283631104.000000 153.587997 
1597283631104.000000 277.034973 
1597283631104.000000 2087.472900 
1597283631104.000000 371.221985 
1597283631104.000000 245.266006 
1597283631104.000000 229.968994 
1597283631104.000000 156.059021 
1597283762176.000000 8.927000 
1597283762176.000000 180.332993 
1597283762176.000000 251.692001 
1597283762176.000000 307.600006 
1597283762176.000000 2797.835938 
1597283762176.000000 4257.063965 
1597283762176.000000 265.719971 
1597283762176.000000 120.823997 
1597283762176.000000 106.700996 
1597283762176.000000 176.352005 
1597283762176.000000 142.612000 
1597283762176.000000 1364.272949 
1597283762176.000000 54.032001 
1597283762176.000000 129.817993 
1597283762176.000000 244.335007 
1597283762176.000000 33.037998 
1597283762176.000000 227.882004 
1597283762176.000000 9.376000 
1597283762176.000000 4.044000 
1597283762176.000000 20.891001 
1597283762176.000000 1862.572998 
1597283762176.000000 185.544006 
1597283762176.000000 309.361023 
1597283762176.000000 5.807000 
1597283762176.000000 851.450012 
1597283762176.000000 37.442001 
1597283762176.000000 1308.209961 
1597283762176.000000 340.627991 
1597283762176.000000 20.511000 
1597283762176.000000 25.079000 
1597283762176.000000 86.799004 
1597283762176.000000 227.544006 
1597283762176.000000 3.489000 
1597283762176.000000 100.438004 
1597283762176.000000 57.136002 
1597283762176.000000 4.744000 
1597283762176.000000 1651.192017 
1597283762176.000000 178.581970 
1597283762176.000000 5.281000 
1597283762176.000000 40.917999 
1597283762176.000000 368.065002 
1597283762176.000000 35.481998 
1597283762176.000000 25.468000 
1597283762176.000000 124.712997 
1597283762176.000000 196.449997 
1597283762176.000000 26.441999 
1597283762176.000000 5.691000 
1597283762176.000000 38.104000 
1597283762176.000000 808.983032 
1597283762176.000000 910.728027 
1597283762176.000000 65.899002 
1597283762176.000000 511.162994 
1597283762176.000000 348.502014 
1597283762176.000000 1206.348022 
1597283762176.000000 125.071999 
1597283762176.000000 735.864990 
1597283762176.000000 64.292000 
1597283762176.000000 85.473000 
1597283762176.000000 76.863998 
1597283762176.000000 16.802999 
1597283762176.000000 432.549011 
1597283762176.000000 77.051003 
1597283762176.000000 961.833008 
1597283762176.000000 26.017000 
1597283762176.000000 276.161011 
1597283762176.000000 5507.189941 
1597283762176.000000 524.392029 
1597283762176.000000 525.082031 
1597283762176.000000 400.526001 
1597283762176.000000 11.116000 
1597283762176.000000 1.403000 
1597283762176.000000 1991.889038 
1597283762176.000000 0.989000 
1597283762176.000000 384.466003 
1597283762176.000000 89.140999 
1597283762176.000000 261.221985 
1597283762176.000000 169.697006 
1597283762176.000000 120.362999 
1597283762176.000000 923.932983 
1597283762176.000000 210.667999 
1597283762176.000000 2339.416992 
1597283762176.000000 1521.709961 
1597283762176.000000 2006.574951 
1597283762176.000000 1779.457031 
1597283762176.000000 4081.596924 
1597283762176.000000 24.068001 
1597283762176.000000 564.087036 
1597283762176.000000 572.513000 
1597283762176.000000 15.878000 
1597283762176.000000 2430.843018 
1597283762176.000000 20.402000 
1597283762176.000000 0.639000 
1597283762176.000000 3540.364990 
1597283762176.000000 430.763000 
1597283762176.000000 1560.522949 
1597283762176.000000 347.689026 
1597283762176.000000 37.535000 
1597283762176.000000 28.229000 
1597283762176.000000 37.217999 
1597283762176.000000 30.313999 
1597283762176.000000 2345.007080 
1597283762176.000000 12.189000 
1597283762176.000000 217.014999 
1597283762176.000000 65.015999 
1597283762176.000000 16.455999 
1597283762176.000000 1330.070068 
1597283762176.000000 583.169983 
1597283762176.000000 39.573002 
1597283762176.000000 45.243000 
1597283762176.000000 1381.818970 
1597283762176.000000 14.882000 
1597283762176.000000 207.945999 
1597283762176.000000 56.499001 
1597283762176.000000 189.865005 
1597283762176.000000 17.167000 
1597283762176.000000 788.014038 
1597283762176.000000 173.834000 
1597283762176.000000 2003.550049 
1597283762176.000000 28.808001 
1597283762176.000000 149.072998 
1597283762176.000000 29.503000 
1597283762176.000000 49.631001 
1597283762176.000000 5.835000 
1597283762176.000000 833.585999 
1597283762176.000000 451.479004 
1597283762176.000000 9.242000 
1597283762176.000000 300.562012 
1597283762176.000000 2450.291992 
1597283762176.000000 376.986023 
1597283762176.000000 5.488000 
1597283762176.000000 54.844002 
1597283762176.000000 417.954010 
1597283762176.000000 283.357971 
1597283762176.000000 14.746000 
1597283762176.000000 51.382000 
1597283762176.000000 24.028999 
1597283762176.000000 2.821000 
1597283762176.000000 93.342003 
1597283762176.000000 125.542999 
1597283762176.000000 394.851990 
1597283762176.000000 580.729980 
1597283762176.000000 3.211000 
1597283762176.000000 188.371002 
1597283762176.000000 144.207993 
1597283762176.000000 294.072998 
1597283762176.000000 690.543030 
1597283762176.000000 127.674004 
1597283762176.000000 13.963000 
1597283762176.000000 450.625000 
1597283762176.000000 8.269000 
1597283762176.000000 131.604004 
1597283762176.000000 254.057007 
1597283762176.000000 23.139999 
1597283762176.000000 669.539001 
1597283762176.000000 438.201996 
1597283762176.000000 70.650002 
1597283762176.000000 235.948975 
1597283762176.000000 106.681000 
1597283762176.000000 924.474976 
1597283762176.000000 358.412994 
1597283762176.000000 931.239014 
1597283762176.000000 6.716000 
1597283762176.000000 0.610000 
1597283762176.000000 74.848000 
1597283762176.000000 1119.790039 
1597283762176.000000 103.642998 
1597283762176.000000 4932.938965 
1597283762176.000000 252.391006 
1597283762176.000000 162.283997 
1597283762176.000000 1356.011963 
1597283762176.000000 816.135986 
1597283762176.000000 20.509001 
1597283762176.000000 3574.651855 
1597283762176.000000 31.903999 
1597283762176.000000 26.000999 
1597283762176.000000 23.153999 
1597283762176.000000 70.094971 
1597283762176.000000 557.237000 
1597283762176.000000 82.549004 
1597283762176.000000 932.135010 
1597283762176.000000 738.915039 
1597283762176.000000 551.724976 
1597283762176.000000 2720.282959 
1597283762176.000000 774.289978 
1597283762176.000000 445.355988 
1597283762176.000000 60.598999 
1597283762176.000000 400.604004 
1597283762176.000000 572.174988 
1597283762176.000000 76.664001 
1597283762176.000000 698.888000 
1597283762176.000000 6.638000 
1597283762176.000000 15.054000 
1597283762176.000000 120.584000 
1597283762176.000000 28.802000 
1597283762176.000000 568.531982 
1597283762176.000000 170.973999 
1597283762176.000000 2527.166992 
1597283762176.000000 72.088997 
1597283762176.000000 271.429993 
1597283762176.000000 107.267998 
1597283762176.000000 68.851997 
