1597901635584.000000 284.169006 
1597901635584.000000 22.539000 
1597901635584.000000 33.106998 
1597901635584.000000 246.826996 
1597901635584.000000 247.518005 
1597901635584.000000 1645.929932 
1597901635584.000000 316.450012 
1597901635584.000000 696.862976 
1597901635584.000000 18.743000 
1597901635584.000000 183.847000 
1597901635584.000000 1809.750000 
1597901635584.000000 312.851013 
1597901635584.000000 185.365005 
1597901635584.000000 54.750999 
1597901635584.000000 4.656000 
1597901635584.000000 572.531982 
1597901635584.000000 30.535999 
1597901635584.000000 11.381000 
1597901635584.000000 218.309021 
1597901635584.000000 188.322998 
1597901635584.000000 76.269997 
1597901635584.000000 310.691986 
1597901635584.000000 1712.333984 
1597901635584.000000 422.246002 
1597901635584.000000 11.585000 
1597901635584.000000 123.719971 
1597901635584.000000 116.098000 
1597901635584.000000 1.237000 
1597901635584.000000 31.875000 
1597901635584.000000 17.209000 
1597901635584.000000 229.725998 
1597901635584.000000 3504.641113 
1597901635584.000000 73.864990 
1597901635584.000000 1595.064941 
1597901635584.000000 10.158000 
1597901635584.000000 163.203003 
1597901635584.000000 131.007004 
1597901635584.000000 17.278999 
1597901635584.000000 26.886000 
1597901635584.000000 62.400024 
1597901635584.000000 410.037994 
1597901635584.000000 1521.301025 
1597901635584.000000 13.779000 
1597901635584.000000 2.006000 
1597901635584.000000 2434.384033 
1597901635584.000000 32.626999 
1597901635584.000000 954.758972 
1597901635584.000000 144.972000 
1597901635584.000000 307.994995 
1597901635584.000000 881.958984 
1597901635584.000000 9.734000 
1597901635584.000000 940.609009 
1597901635584.000000 7.010000 
1597901635584.000000 106.834999 
1597901635584.000000 98.831001 
1597901635584.000000 498.845001 
1597901635584.000000 36.719002 
1597901635584.000000 6.354000 
1597901635584.000000 69.290001 
1597901635584.000000 1334.783936 
1597901635584.000000 21.243000 
1597901635584.000000 49.314999 
1597901635584.000000 1010.023987 
1597901635584.000000 129.687988 
1597901635584.000000 7.683000 
1597901635584.000000 321.131989 
1597901635584.000000 14.873000 
1597901635584.000000 146.737000 
1597901635584.000000 63.404999 
1597901635584.000000 38.596001 
1597901635584.000000 3.642000 
1597901635584.000000 222.455994 
1597901635584.000000 724.510986 
1597901635584.000000 1176.192993 
1597901635584.000000 120.315002 
1597901635584.000000 107.389999 
1597901635584.000000 448.767029 
1597901635584.000000 1595.046021 
1597901635584.000000 299.812012 
1597901635584.000000 328.444000 
1597901635584.000000 1559.953003 
1597901635584.000000 3943.772949 
1597901635584.000000 135.792007 
1597901635584.000000 349.410004 
1597901635584.000000 3.253000 
1597901635584.000000 1217.171997 
1597901635584.000000 827.054993 
1597901635584.000000 5.938000 
1597901635584.000000 15.115000 
1597901635584.000000 1805.510010 
1597901635584.000000 139.705994 
1597901635584.000000 785.278992 
1597901635584.000000 42.146999 
1597901635584.000000 244.360001 
1597901635584.000000 50.643002 
1597901635584.000000 269.390991 
1597901635584.000000 550.724976 
1597901635584.000000 68.949997 
1597901635584.000000 40.917000 
1597901635584.000000 131.494003 
1597901635584.000000 89.252998 
1597901635584.000000 2915.792969 
1597901635584.000000 5.245000 
1597901635584.000000 3573.982910 
1597901635584.000000 41.064999 
1597901635584.000000 60.449001 
1597901635584.000000 30.719999 
1597901635584.000000 355.058990 
1597901635584.000000 222.085999 
1597901635584.000000 196.242996 
1597901635584.000000 959.114990 
1597901635584.000000 3107.486084 
1597901766656.000000 64.593002 
1597901766656.000000 3329.616943 
1597901766656.000000 32.874001 
1597901766656.000000 38.631001 
1597901766656.000000 86.120003 
1597901766656.000000 21.409000 
1597901766656.000000 2539.218994 
1597901766656.000000 61.667000 
1597901766656.000000 331.803986 
1597901766656.000000 13.199000 
1597901766656.000000 756.049988 
1597901766656.000000 102.147003 
1597901766656.000000 645.700012 
1597901766656.000000 241.102997 
1597901766656.000000 145.897003 
1597901766656.000000 1273.309082 
1597901766656.000000 105.459000 
1597901766656.000000 32.160999 
1597901766656.000000 42.542999 
1597901766656.000000 215.324005 
1597901766656.000000 1902.373047 
1597901766656.000000 367.833008 
1597901766656.000000 253.343994 
1597901766656.000000 254.979996 
1597901766656.000000 410.166992 
1597901766656.000000 316.825989 
1597901766656.000000 128.252014 
1597901766656.000000 623.799011 
1597901766656.000000 47.029999 
1597901766656.000000 294.333008 
1597901766656.000000 54.104000 
1597901766656.000000 6758.463867 
1597901766656.000000 2881.385010 
1597901766656.000000 12.821000 
1597901766656.000000 11.897000 
1597901766656.000000 9.177000 
1597901766656.000000 24.068001 
1597901766656.000000 520.156006 
1597901766656.000000 419.489014 
1597901766656.000000 6227.710938 
1597901766656.000000 81.650002 
1597901766656.000000 277.279999 
1597901766656.000000 17.513000 
1597901766656.000000 23.452000 
1597901766656.000000 190.177002 
1597901766656.000000 355.050995 
1597901766656.000000 1672.765015 
1597901766656.000000 394.482971 
1597901766656.000000 69.670998 
1597901766656.000000 22.343000 
1597901766656.000000 178.955994 
1597901766656.000000 102.851997 
1597901766656.000000 446.356995 
1597901766656.000000 70.818001 
1597901766656.000000 54.504002 
1597901766656.000000 772.192017 
1597901766656.000000 307.564026 
1597901766656.000000 4.951000 
1597901766656.000000 1782.875000 
1597901766656.000000 10.139000 
1597901766656.000000 4885.045898 
1597901766656.000000 1840.603027 
1597901766656.000000 47.889999 
1597901766656.000000 4.365000 
1597901766656.000000 398.247009 
1597901766656.000000 94.066002 
1597901766656.000000 946.442993 
1597901766656.000000 109.231003 
1597901766656.000000 28.691000 
1597901766656.000000 6.189000 
1597901766656.000000 3772.547852 
1597901766656.000000 160.252991 
1597901766656.000000 476.852997 
1597901766656.000000 769.570007 
1597901766656.000000 251.714996 
1597901766656.000000 13.152000 
1597901766656.000000 39.116001 
1597901766656.000000 36.771000 
1597901766656.000000 1.487000 
1597901766656.000000 411.388977 
1597901766656.000000 5251.310059 
1597901766656.000000 81.757004 
1597901766656.000000 90.933998 
1597901766656.000000 23.983999 
1597901766656.000000 711.545044 
1597901766656.000000 254.138000 
1597901766656.000000 57.230999 
1597901766656.000000 994.968994 
1597901766656.000000 30.173000 
1597901766656.000000 1094.835938 
1597901766656.000000 1538.866943 
1597901766656.000000 523.643982 
1597901766656.000000 100.000999 
1597901766656.000000 13.011000 
1597901766656.000000 240.788025 
1597901766656.000000 142.235992 
1597901766656.000000 558.723999 
1597901766656.000000 3197.192871 
1597901766656.000000 388.303009 
1597901766656.000000 1721.550049 
1597901766656.000000 498.679993 
1597901766656.000000 6.628000 
1597901766656.000000 10.944000 
1597901766656.000000 2.146000 
1597901766656.000000 1207.270020 
1597901766656.000000 10.991000 
1597901766656.000000 190.395996 
1597901766656.000000 717.133972 
1597901766656.000000 102.166000 
1597901766656.000000 1832.182007 
1597901766656.000000 127.260002 
1597901766656.000000 18.584000 
1597901766656.000000 14.947000 
1597901766656.000000 737.042969 
1597901766656.000000 48.627998 
1597901766656.000000 267.795990 
1597901766656.000000 431.094971 
1597901766656.000000 94.549004 
1597901766656.000000 343.903015 
1597901766656.000000 96.059998 
1597901766656.000000 505.507996 
1597901766656.000000 439.855011 
1597901766656.000000 234.780029 
1597901766656.000000 367.848999 
1597901766656.000000 374.053986 
1597901766656.000000 100.897003 
1597901766656.000000 36.325001 
1597901766656.000000 30.429016 
1597901766656.000000 702.169983 
1597901766656.000000 9.452000 
1597901766656.000000 114.241997 
1597901766656.000000 195.314026 
1597901766656.000000 241.296997 
1597901766656.000000 327.080994 
1597901766656.000000 26.672001 
1597901766656.000000 1.888000 
1597901766656.000000 12.583000 
1597901766656.000000 62.115002 
1597901766656.000000 65.053001 
1597901766656.000000 9.859000 
1597901766656.000000 291.359985 
1597901766656.000000 2.413000 
1597901766656.000000 7.858000 
1597901766656.000000 9.055000 
1597901766656.000000 2.647000 
1597901766656.000000 112.371002 
1597901766656.000000 10.068000 
1597901766656.000000 30.434999 
1597901766656.000000 221.860992 
1597901766656.000000 1265.079956 
1597901766656.000000 107.417999 
1597901766656.000000 366.318970 
1597901766656.000000 116.273003 
1597901766656.000000 82.700996 
1597901766656.000000 409.208008 
1597901766656.000000 904.265991 
1597901766656.000000 2350.366943 
1597901766656.000000 530.739990 
1597901766656.000000 29.952000 
1597901766656.000000 140.820999 
1597901766656.000000 1957.840942 
1597901766656.000000 524.075989 
1597901766656.000000 20.886999 
1597901766656.000000 1.928000 
1597901766656.000000 27.594000 
1597901766656.000000 42.707001 
1597901766656.000000 717.747986 
1597901766656.000000 2430.637939 
1597901766656.000000 1378.109985 
1597901766656.000000 1934.654053 
1597901766656.000000 35.612000 
1597901766656.000000 148.990005 
1597901766656.000000 6.594971 
1597901766656.000000 596.929016 
1597901766656.000000 34.675999 
1597901766656.000000 4702.020020 
1597901766656.000000 1344.760986 
1597901766656.000000 26.113001 
1597901766656.000000 21.485001 
1597901766656.000000 410.406982 
1597901766656.000000 2654.116943 
1597901766656.000000 480.809021 
1597901766656.000000 76.971001 
1597901766656.000000 156.044006 
1597901766656.000000 16.704000 
1597901766656.000000 160.610992 
1597901766656.000000 110.644997 
1597901766656.000000 101.086998 
1597901766656.000000 1560.848999 
1597901766656.000000 89.320999 
1597901766656.000000 136.391998 
1597901766656.000000 2288.995117 
1597901766656.000000 708.703003 
1597901766656.000000 5.721000 
1597901766656.000000 650.171997 
1597901766656.000000 4.859000 
1597901766656.000000 695.754028 
1597901766656.000000 44.009998 
1597901766656.000000 70.528000 
1597901766656.000000 57.555000 
1597901766656.000000 148.227997 
1597901766656.000000 476.947998 
1597901766656.000000 2065.239014 
1597901766656.000000 382.247009 
1597901766656.000000 26.948999 
1597901766656.000000 266.808014 
1597901766656.000000 1540.911011 
1597901766656.000000 8.484000 
1597901766656.000000 78.704002 
1597901766656.000000 1.761000 
1597901766656.000000 10.263000 
1597901766656.000000 402.265991 
1597901766656.000000 382.041992 
1597901766656.000000 905.109985 
1597901766656.000000 255.989014 
1597901766656.000000 9.095000 
1597901766656.000000 12.474000 
1597901766656.000000 501.971985 
1597901766656.000000 30.684000 
1597901766656.000000 3862.231934 
1597901766656.000000 261.119995 
1597901766656.000000 286.992981 
1597901766656.000000 551.953003 
1597901766656.000000 36.696999 
1597901766656.000000 178.809998 
1597901766656.000000 276.820007 
1597901766656.000000 4127.085938 
1597901897728.000000 85.884003 
1597901897728.000000 76.814003 
1597901897728.000000 696.631958 
1597901897728.000000 69.730003 
1597901897728.000000 1241.727051 
1597901897728.000000 836.598022 
1597901897728.000000 168.964996 
1597901897728.000000 243.089996 
1597901897728.000000 1706.691040 
1597901897728.000000 1226.552002 
1597901897728.000000 309.701996 
1597901897728.000000 115.338013 
1597901897728.000000 2.470000 
1597901897728.000000 630.956970 
1597901897728.000000 31.620001 
1597901897728.000000 107.725998 
1597901897728.000000 6.251000 
1597901897728.000000 394.317993 
1597901897728.000000 32.138000 
1597901897728.000000 1406.775024 
1597901897728.000000 349.041992 
1597901897728.000000 11.969000 
1597901897728.000000 302.445007 
1597901897728.000000 1514.880981 
1597901897728.000000 572.067017 
1597901897728.000000 329.239990 
1597901897728.000000 212.475998 
1597901897728.000000 111.854980 
1597901897728.000000 393.515991 
1597901897728.000000 1446.414062 
1597901897728.000000 3727.218994 
1597901897728.000000 4283.215820 
1597901897728.000000 1.051000 
1597901897728.000000 554.541992 
1597901897728.000000 2133.685059 
1597901897728.000000 653.635010 
1597901897728.000000 1.404000 
1597901897728.000000 1539.981934 
1597901897728.000000 12.542000 
1597901897728.000000 113.323997 
1597901897728.000000 23.580999 
1597901897728.000000 105.525024 
1597901897728.000000 193.886993 
1597901897728.000000 17.650000 
1597901897728.000000 9.405000 
1597901897728.000000 130.940994 
1597901897728.000000 743.307983 
1597901897728.000000 197.065994 
1597901897728.000000 3069.822021 
1597901897728.000000 223.899002 
1597901897728.000000 56.556000 
1597901897728.000000 989.682983 
1597901897728.000000 23.483000 
1597901897728.000000 62.756001 
1597901897728.000000 188.529007 
1597901897728.000000 39.560974 
1597901897728.000000 19.121000 
1597901897728.000000 969.557007 
1597901897728.000000 838.844971 
1597901897728.000000 44.717999 
1597901897728.000000 108.026978 
1597901897728.000000 382.118988 
1597901897728.000000 0.681000 
1597901897728.000000 1078.994019 
1597901897728.000000 1074.414062 
1597901897728.000000 3.669000 
1597901897728.000000 1023.125977 
1597901897728.000000 383.436005 
1597901897728.000000 201.851013 
1597901897728.000000 2428.599121 
1597901897728.000000 155.063004 
1597901897728.000000 23.020000 
1597901897728.000000 10.567000 
1597901897728.000000 931.879028 
1597901897728.000000 245.470001 
1597901897728.000000 28.563000 
1597901897728.000000 22.150024 
1597901897728.000000 9.885000 
1597901897728.000000 252.171997 
1597901897728.000000 713.406006 
1597901897728.000000 63.570984 
1597901897728.000000 968.999023 
1597901897728.000000 8.528000 
1597901897728.000000 646.677979 
1597901897728.000000 115.191002 
1597901897728.000000 515.155029 
1597901897728.000000 138.837997 
1597901897728.000000 919.150024 
1597901897728.000000 643.931030 
1597901897728.000000 203.884003 
1597901897728.000000 106.241997 
1597901897728.000000 4311.323242 
1597901897728.000000 30.254999 
1597901897728.000000 752.674988 
1597901897728.000000 6.241000 
1597901897728.000000 201.136993 
1597901897728.000000 19.483000 
1597901897728.000000 208.781006 
1597901897728.000000 0.583000 
1597901897728.000000 716.268005 
1597901897728.000000 850.108032 
1597901897728.000000 781.742981 
1597901897728.000000 51.737000 
1597901897728.000000 2600.290039 
1597901897728.000000 46.120998 
1597901897728.000000 4.104000 
1597901897728.000000 583.287964 
1597901897728.000000 194.072998 
1597901897728.000000 7.298000 
1597901897728.000000 34.726002 
1597901897728.000000 61.311001 
1597901897728.000000 1245.477051 
1597901897728.000000 57.988998 
1597901897728.000000 1380.797974 
1597901897728.000000 360.286011 
1597901897728.000000 9026.120117 
1597901897728.000000 3.962000 
1597901897728.000000 383.492981 
1597901897728.000000 1146.185059 
1597901897728.000000 7.456000 
1597901897728.000000 27.604000 
1597901897728.000000 35.172001 
1597901897728.000000 57.411999 
1597901897728.000000 62.799999 
1597901897728.000000 275.260010 
1597901897728.000000 37.853001 
1597901897728.000000 2313.043945 
1597901897728.000000 191.580002 
1597901897728.000000 286.601990 
1597901897728.000000 3.672000 
1597901897728.000000 103.504997 
1597901897728.000000 18.900999 
1597901897728.000000 150.367004 
1597901897728.000000 35.470001 
1597901897728.000000 34.161987 
1597901897728.000000 27.349001 
1597901897728.000000 206.796005 
1597901897728.000000 72.757004 
1597901897728.000000 64.421997 
1597901897728.000000 71.913002 
1597901897728.000000 36.893002 
1597901897728.000000 72.057999 
1597901897728.000000 63.980999 
1597901897728.000000 26.271999 
1597901897728.000000 350.322998 
1597901897728.000000 237.962006 
1597901897728.000000 74.272003 
1597901897728.000000 14.491000 
1597901897728.000000 814.466003 
1597901897728.000000 135.729004 
1597901897728.000000 608.971008 
1597901897728.000000 5050.384766 
1597901897728.000000 33.713001 
1597901897728.000000 468.598999 
1597901897728.000000 328.410004 
1597901897728.000000 17.170000 
1597901897728.000000 2.876000 
1597901897728.000000 702.937988 
1597901897728.000000 137.876007 
1597901897728.000000 2877.591064 
1597901897728.000000 129.115997 
1597901897728.000000 146.244003 
1597901897728.000000 3.838000 
1597901897728.000000 231.859009 
1597901897728.000000 29.238001 
1597901897728.000000 240.522003 
1597901897728.000000 48.882999 
1597901897728.000000 83.873001 
1597901897728.000000 1457.446045 
1597901897728.000000 180.374023 
1597901897728.000000 224.492004 
1597901897728.000000 280.121002 
1597901897728.000000 104.085999 
1597901897728.000000 227.089005 
1597901897728.000000 20.534000 
1597901897728.000000 1560.677979 
1597901897728.000000 352.259003 
1597901897728.000000 110.982002 
1597901897728.000000 193.067017 
1597901897728.000000 8.786000 
1597901897728.000000 271.225006 
1597901897728.000000 742.205994 
1597901897728.000000 271.688995 
1597901897728.000000 8.819000 
1597901897728.000000 1185.953979 
1597901897728.000000 5.222000 
1597901897728.000000 467.619019 
1597901897728.000000 910.431030 
1597901897728.000000 35.726002 
1597901897728.000000 8.661000 
1597901897728.000000 555.210022 
1597901897728.000000 26.989000 
1597901897728.000000 43.896999 
1597901897728.000000 97.771004 
1597901897728.000000 7.973000 
1597901897728.000000 2818.995117 
1597901897728.000000 2710.923096 
1597901897728.000000 1.835000 
1597901897728.000000 4945.285156 
1597901897728.000000 42.543999 
1597901897728.000000 285.812012 
1597901897728.000000 201.871002 
1597901897728.000000 705.083008 
1597901897728.000000 946.948975 
1597901897728.000000 728.322998 
1597901897728.000000 13.177000 
1597901897728.000000 8.496000 
1597901897728.000000 1063.792969 
1597901897728.000000 29.924999 
1597901897728.000000 13.949000 
1597901897728.000000 497.632996 
1597901897728.000000 14.952000 
1597901897728.000000 62.861000 
1597901897728.000000 367.757019 
1597901897728.000000 80.886002 
1597901897728.000000 28.316999 
1597901897728.000000 19.952000 
1597901897728.000000 468.699005 
1597901897728.000000 7.682000 
1597901897728.000000 1536.512939 
1597901897728.000000 180.692993 
1597901897728.000000 792.442017 
1597901897728.000000 162.485001 
1597901897728.000000 244.875000 
1597901897728.000000 528.803955 
1597901897728.000000 595.010010 
1597901897728.000000 300.059021 
1597901897728.000000 37.056000 
1597901897728.000000 1538.896973 
1597901897728.000000 987.528015 
1597901897728.000000 35.019001 
1597901897728.000000 203.929993 
1597901897728.000000 0.949000 
1597901897728.000000 2.437000 
1597901897728.000000 894.905029 
1597901897728.000000 50.874001 
1597901897728.000000 4070.542969 
1597902028800.000000 155.582993 
1597902028800.000000 1457.369995 
1597902028800.000000 1214.545044 
1597902028800.000000 39.786999 
1597902028800.000000 296.867004 
1597902028800.000000 80.627998 
1597902028800.000000 30.783001 
1597902028800.000000 1.251000 
1597902028800.000000 3699.178955 
1597902028800.000000 15.838000 
1597902028800.000000 78.251999 
1597902028800.000000 14.235000 
1597902028800.000000 16.948999 
1597902028800.000000 1265.516968 
1597902028800.000000 626.235962 
1597902028800.000000 166.828995 
1597902028800.000000 172.412994 
1597902028800.000000 327.416992 
1597902028800.000000 397.887024 
1597902028800.000000 35.342999 
1597902028800.000000 11.577000 
1597902028800.000000 5380.903809 
1597902028800.000000 2.534000 
1597902028800.000000 8.781000 
1597902028800.000000 20.044001 
1597902028800.000000 80.575996 
1597902028800.000000 10.797000 
1597902028800.000000 9.649000 
1597902028800.000000 429.612000 
1597902028800.000000 2.508000 
1597902028800.000000 148.014999 
1597902028800.000000 24.318001 
1597902028800.000000 872.588013 
1597902028800.000000 6.878000 
1597902028800.000000 246.166000 
1597902028800.000000 708.903015 
1597902028800.000000 263.727997 
1597902028800.000000 169.481003 
1597902028800.000000 757.083008 
1597902028800.000000 56.436001 
1597902028800.000000 564.903015 
1597902028800.000000 25.969000 
1597902028800.000000 81.229004 
1597902028800.000000 41.325001 
1597902028800.000000 137.457993 
1597902028800.000000 438.205994 
1597902028800.000000 55.511002 
1597902028800.000000 1164.264038 
1597902028800.000000 644.606995 
1597902028800.000000 23.886000 
1597902028800.000000 72.903999 
1597902028800.000000 678.375977 
1597902028800.000000 17.702000 
1597902028800.000000 565.427979 
1597902028800.000000 871.018005 
1597902028800.000000 271.171021 
1597902028800.000000 121.010002 
1597902028800.000000 183.878998 
1597902028800.000000 2966.958008 
1597902028800.000000 473.737000 
1597902028800.000000 131.231003 
1597902028800.000000 300.918030 
1597902028800.000000 0.923000 
1597902028800.000000 2611.202148 
1597902028800.000000 1443.890015 
1597902028800.000000 10.404000 
1597902028800.000000 101.921997 
1597902028800.000000 135.501999 
1597902028800.000000 60.585999 
1597902028800.000000 123.500000 
1597902028800.000000 101.853996 
1597902028800.000000 3.481000 
1597902028800.000000 1063.061035 
1597902028800.000000 97.545998 
1597902028800.000000 1341.526001 
1597902028800.000000 136.585999 
1597902028800.000000 1.505000 
1597902028800.000000 59.709999 
1597902028800.000000 662.265991 
1597902028800.000000 2.974000 
1597902028800.000000 3449.245117 
1597902028800.000000 85.419998 
1597902028800.000000 61.728001 
1597902028800.000000 487.598999 
1597902028800.000000 71.807999 
1597902028800.000000 492.592010 
1597902028800.000000 55.534000 
1597902028800.000000 292.439026 
1597902028800.000000 232.798996 
1597902028800.000000 6.726000 
1597902028800.000000 265.454010 
1597902028800.000000 102.968002 
1597902028800.000000 119.915001 
1597902028800.000000 331.888977 
1597902028800.000000 127.078003 
1597902028800.000000 158.462006 
1597902028800.000000 719.115967 
1597902028800.000000 420.621002 
1597902028800.000000 600.915039 
1597902028800.000000 929.281982 
1597902028800.000000 262.959015 
1597902028800.000000 53.417000 
1597902028800.000000 2264.227051 
1597902028800.000000 164.128998 
1597902028800.000000 425.812988 
1597902028800.000000 1950.036011 
1597902028800.000000 351.523010 
1597902028800.000000 210.483994 
1597902028800.000000 59.937000 
1597902028800.000000 4.154000 
1597902028800.000000 7.434000 
1597902028800.000000 3.201000 
1597902028800.000000 399.625977 
1597902028800.000000 7.543000 
1597902028800.000000 375.026001 
1597902028800.000000 31.808001 
1597902028800.000000 708.127014 
1597902028800.000000 6.334000 
1597902028800.000000 80.250000 
1597902028800.000000 1100.283936 
1597902028800.000000 110.625999 
1597902028800.000000 84.066002 
1597902028800.000000 8.842000 
1597902028800.000000 34.330002 
1597902028800.000000 62.618999 
1597902028800.000000 1233.182007 
1597902028800.000000 101.977997 
1597902028800.000000 441.944000 
1597902028800.000000 481.117004 
1597902028800.000000 644.098999 
1597902028800.000000 2693.271973 
1597902028800.000000 144.328995 
1597902028800.000000 114.605003 
1597902028800.000000 10.895000 
1597902028800.000000 191.113007 
1597902028800.000000 462.124023 
1597902028800.000000 458.941010 
1597902028800.000000 415.374023 
1597902028800.000000 403.740997 
1597902028800.000000 618.575989 
1597902028800.000000 588.481018 
1597902028800.000000 147.146973 
1597902028800.000000 21.423000 
1597902028800.000000 107.366997 
1597902028800.000000 349.009003 
1597902028800.000000 7.109000 
1597902028800.000000 1585.052002 
1597902028800.000000 643.666016 
1597902028800.000000 257.236023 
1597902028800.000000 315.471985 
1597902028800.000000 0.819000 
1597902028800.000000 342.278992 
1597902028800.000000 7.432000 
1597902028800.000000 46.132999 
1597902028800.000000 113.039001 
1597902028800.000000 1950.119019 
1597902028800.000000 253.614014 
1597902028800.000000 2.864000 
1597902028800.000000 60.319000 
1597902028800.000000 49.782001 
1597902028800.000000 190.330994 
1597902028800.000000 1174.179932 
1597902028800.000000 23.542000 
1597902028800.000000 22.436001 
1597902028800.000000 462.418030 
1597902028800.000000 174.072998 
1597902028800.000000 65.889000 
1597902028800.000000 7.189000 
1597902028800.000000 1775.104004 
1597902028800.000000 568.286011 
1597902028800.000000 1281.364014 
1597902028800.000000 3.305000 
1597902028800.000000 78.750977 
1597902028800.000000 417.196014 
1597902028800.000000 2265.208008 
1597902028800.000000 90.978996 
1597902028800.000000 488.966003 
1597902028800.000000 394.329010 
1597902028800.000000 22.146999 
1597902028800.000000 478.590027 
1597902028800.000000 1368.502930 
1597902028800.000000 68.130997 
1597902028800.000000 88.750999 
1597902028800.000000 101.120003 
1597902028800.000000 7.483000 
1597902028800.000000 204.179016 
1597902028800.000000 122.072998 
1597902028800.000000 266.946014 
1597902028800.000000 1695.334961 
1597902028800.000000 441.354004 
1597902028800.000000 59.665001 
1597902028800.000000 12.249000 
1597902028800.000000 30.041000 
1597902028800.000000 195.598999 
1597902028800.000000 59.577999 
1597902028800.000000 7.298000 
1597902028800.000000 0.988000 
1597902028800.000000 838.615967 
1597902028800.000000 993.956970 
1597902028800.000000 941.038025 
1597902028800.000000 18.184000 
1597902028800.000000 125.649002 
1597902028800.000000 616.020020 
1597902028800.000000 8.493000 
1597902028800.000000 232.718002 
1597902028800.000000 92.852997 
1597902028800.000000 95.135002 
1597902028800.000000 93.485001 
1597902028800.000000 2984.875977 
1597902028800.000000 59.143005 
1597902028800.000000 292.717010 
1597902028800.000000 315.181000 
1597902028800.000000 110.487000 
1597902028800.000000 2102.625977 
1597902028800.000000 526.697021 
1597902028800.000000 52.765999 
1597902028800.000000 218.153000 
1597902028800.000000 28.107000 
1597902028800.000000 4596.160156 
1597902028800.000000 2011.635986 
1597902028800.000000 2.030000 
1597902028800.000000 608.676025 
1597902028800.000000 8.856000 
1597902028800.000000 41.687000 
1597902028800.000000 84.393005 
1597902028800.000000 116.220001 
1597902028800.000000 64.431999 
1597902028800.000000 207.863998 
1597902028800.000000 1543.106934 
1597902028800.000000 896.554016 
1597902028800.000000 198.643005 
1597902028800.000000 280.825989 
1597902028800.000000 54.292000 
1597902028800.000000 168.421997 
1597902028800.000000 146.432007 
1597902028800.000000 127.864998 
1597902028800.000000 159.003998 
1597902028800.000000 128.117004 
1597902028800.000000 217.207001 
1597902028800.000000 379.863007 
1597902028800.000000 1.989000 
1597902028800.000000 62.926998 
1597902028800.000000 79.765999 
1597902028800.000000 121.140999 
1597902028800.000000 0.578000 
1597902028800.000000 311.447998 
1597902028800.000000 216.270004 
1597902028800.000000 108.085999 
1597902028800.000000 131.524002 
1597902028800.000000 193.662003 
1597902028800.000000 2452.896973 
1597902028800.000000 6.131000 
1597902028800.000000 261.532990 
1597902028800.000000 81.908997 
1597902028800.000000 10.870000 
1597902028800.000000 989.671021 
1597902028800.000000 402.369995 
1597902028800.000000 737.372009 
1597902028800.000000 348.429993 
1597902028800.000000 22.358000 
1597902028800.000000 42.153000 
1597902028800.000000 66.975998 
1597902028800.000000 2.378000 
1597902028800.000000 613.392029 
1597902028800.000000 673.317017 
1597902028800.000000 68.716003 
1597902028800.000000 13.505000 
1597902028800.000000 1693.493042 
1597902028800.000000 146.854004 
1597902028800.000000 427.349976 
1597902028800.000000 433.487000 
1597902028800.000000 547.778992 
1597902028800.000000 665.002014 
1597902028800.000000 12.734000 
1597902028800.000000 389.945007 
1597902028800.000000 1095.845947 
1597902028800.000000 45.826000 
1597902028800.000000 1155.969971 
1597902028800.000000 150.292999 
1597902028800.000000 151.427002 
1597902028800.000000 1558.487061 
1597902028800.000000 1.863000 
1597902028800.000000 1397.154053 
1597902159872.000000 1269.478027 
1597902159872.000000 316.544983 
1597902159872.000000 7767.003906 
1597902159872.000000 57.807983 
1597902159872.000000 35.493999 
1597902159872.000000 1.243000 
1597902159872.000000 472.726990 
1597902159872.000000 145.755997 
1597902159872.000000 214.737000 
1597902159872.000000 12.573000 
1597902159872.000000 750.976013 
1597902159872.000000 5.031000 
1597902159872.000000 228.550003 
1597902159872.000000 326.247009 
1597902159872.000000 169.011002 
1597902159872.000000 63.276001 
1597902159872.000000 1787.630981 
1597902159872.000000 1217.725952 
1597902159872.000000 27.641001 
1597902159872.000000 2.226000 
1597902159872.000000 149.925003 
1597902159872.000000 6997.358887 
1597902159872.000000 668.292969 
1597902159872.000000 570.862976 
1597902159872.000000 22.879999 
1597902159872.000000 557.153015 
1597902159872.000000 280.072998 
1597902159872.000000 282.812012 
1597902159872.000000 915.299011 
1597902159872.000000 65.874001 
1597902159872.000000 309.793030 
1597902159872.000000 97.928001 
1597902159872.000000 262.385986 
1597902159872.000000 2103.559082 
1597902159872.000000 1.509000 
1597902159872.000000 17.002001 
1597902159872.000000 1558.541992 
1597902159872.000000 156.738007 
1597902159872.000000 94.231003 
1597902159872.000000 5.267000 
1597902159872.000000 202.356003 
1597902159872.000000 348.606995 
1597902159872.000000 1441.585938 
1597902159872.000000 339.480988 
1597902159872.000000 45.837002 
1597902159872.000000 17.885000 
1597902159872.000000 436.849976 
1597902159872.000000 22.940001 
1597902159872.000000 0.656000 
1597902159872.000000 340.239014 
1597902159872.000000 30.934999 
1597902159872.000000 256.424011 
1597902159872.000000 39.335999 
1597902159872.000000 499.743988 
1597902159872.000000 3060.832031 
1597902159872.000000 3606.574951 
1597902159872.000000 17.815001 
1597902159872.000000 347.089996 
1597902159872.000000 161.638000 
1597902159872.000000 4.461000 
1597902159872.000000 1058.104004 
1597902159872.000000 86.450996 
1597902159872.000000 1463.401978 
1597902159872.000000 274.256012 
1597902159872.000000 8.335000 
1597902159872.000000 3538.936035 
1597902159872.000000 174.268997 
1597902159872.000000 222.957993 
1597902159872.000000 477.291016 
1597902159872.000000 41.389000 
1597902159872.000000 6.371000 
1597902159872.000000 3.440000 
1597902159872.000000 803.667969 
1597902159872.000000 228.261993 
1597902159872.000000 152.557999 
1597902159872.000000 10.226000 
1597902159872.000000 77.629997 
1597902159872.000000 21.576000 
1597902159872.000000 63.875999 
1597902159872.000000 34.757000 
1597902159872.000000 120.720001 
1597902159872.000000 1854.739014 
1597902159872.000000 1.970000 
1597902159872.000000 20.649000 
1597902159872.000000 34.765999 
1597902159872.000000 145.261993 
1597902159872.000000 2806.333984 
1597902159872.000000 64.095001 
1597902159872.000000 1631.447021 
1597902159872.000000 530.729980 
1597902159872.000000 153.810974 
1597902159872.000000 1023.195007 
1597902159872.000000 548.958984 
1597902159872.000000 265.726013 
1597902159872.000000 1.705000 
1597902159872.000000 38.171001 
1597902159872.000000 7.381000 
1597902159872.000000 7.734000 
1597902159872.000000 308.135986 
1597902159872.000000 744.166016 
1597902159872.000000 514.655029 
1597902159872.000000 1028.592041 
1597902159872.000000 23.906000 
1597902159872.000000 3.622000 
1597902159872.000000 55.631001 
1597902159872.000000 0.308000 
1597902159872.000000 171.835007 
1597902159872.000000 244.718018 
1597902159872.000000 54.139000 
1597902159872.000000 288.153992 
1597902159872.000000 1066.301025 
1597902159872.000000 18.198000 
1597902159872.000000 370.636993 
1597902159872.000000 996.916016 
1597902159872.000000 257.895020 
1597902159872.000000 2225.725098 
1597902159872.000000 265.514008 
1597902159872.000000 12.949000 
1597902159872.000000 476.945007 
1597902159872.000000 684.168030 
1597902159872.000000 92.699997 
1597902159872.000000 6.863000 
1597902159872.000000 1.762000 
1597902159872.000000 6614.038086 
1597902159872.000000 821.026001 
1597902159872.000000 292.177002 
1597902159872.000000 50.688999 
1597902159872.000000 781.971985 
1597902159872.000000 882.856995 
1597902159872.000000 70.047997 
1597902159872.000000 1000.916016 
1597902159872.000000 0.954000 
1597902159872.000000 53.219002 
1597902159872.000000 12.347000 
1597902159872.000000 53.841000 
1597902159872.000000 296.579010 
1597902159872.000000 675.718994 
1597902159872.000000 435.579987 
1597902159872.000000 191.202026 
1597902159872.000000 121.000999 
1597902159872.000000 60.667999 
