1597292281856.000000 289.563995 
1597292281856.000000 1136.195068 
1597292281856.000000 231.320007 
1597292281856.000000 4.350000 
1597292281856.000000 26.974001 
1597292281856.000000 2277.284912 
1597292281856.000000 49.776001 
1597292281856.000000 1085.102051 
1597292281856.000000 117.200996 
1597292281856.000000 38.007999 
1597292281856.000000 1832.362061 
1597292281856.000000 16.013000 
1597292281856.000000 628.806030 
1597292281856.000000 823.372986 
1597292281856.000000 240.286987 
1597292281856.000000 119.892998 
1597292281856.000000 1488.004028 
1597292281856.000000 2060.202881 
1597292281856.000000 1097.368042 
1597292281856.000000 636.343994 
1597292281856.000000 132.255005 
1597292281856.000000 3.073000 
1597292281856.000000 615.723999 
1597292281856.000000 1148.832031 
1597292281856.000000 1.122000 
1597292281856.000000 464.195984 
1597292281856.000000 485.110992 
1597292281856.000000 119.581001 
1597292281856.000000 2248.950928 
1597292281856.000000 705.250977 
1597292281856.000000 43.865002 
1597292281856.000000 96.712997 
1597292281856.000000 76.024002 
1597292281856.000000 865.391968 
1597292281856.000000 83.391998 
1597292281856.000000 1050.539062 
1597292281856.000000 73.778000 
1597292281856.000000 226.901001 
1597292281856.000000 2314.898926 
1597292281856.000000 2140.696045 
1597292281856.000000 1555.311035 
1597292281856.000000 1129.463989 
1597292281856.000000 3.580000 
1597292281856.000000 32.376999 
1597292281856.000000 237.998001 
1597292281856.000000 597.157959 
1597292281856.000000 67.448997 
1597292281856.000000 1114.751953 
1597292281856.000000 121.960999 
1597292281856.000000 838.436035 
1597292281856.000000 350.674988 
1597292281856.000000 51.032001 
1597292281856.000000 1920.328979 
1597292281856.000000 245.289993 
1597292281856.000000 1287.000977 
1597292281856.000000 11.768000 
1597292281856.000000 3352.623047 
1597292281856.000000 61.768002 
1597292281856.000000 22.945000 
1597292281856.000000 138.779999 
1597292281856.000000 89.984001 
1597292281856.000000 456.794006 
1597292281856.000000 577.465027 
1597292281856.000000 113.677002 
1597292281856.000000 568.217041 
1597292281856.000000 1159.416016 
1597292281856.000000 378.612000 
1597292281856.000000 9.183000 
1597292281856.000000 87.412003 
1597292281856.000000 234.707001 
1597292281856.000000 1703.768066 
1597292281856.000000 809.322998 
1597292281856.000000 55.782001 
1597292281856.000000 477.687988 
1597292281856.000000 182.671997 
1597292281856.000000 267.049011 
1597292281856.000000 22.798000 
1597292281856.000000 433.887024 
1597292281856.000000 1080.743042 
1597292281856.000000 12.282000 
1597292281856.000000 425.450989 
1597292281856.000000 751.582031 
1597292281856.000000 13.216000 
1597292281856.000000 15.053000 
1597292281856.000000 1240.550049 
1597292281856.000000 464.309021 
1597292281856.000000 1469.713989 
1597292281856.000000 214.565002 
1597292281856.000000 1038.505005 
1597292281856.000000 1222.686035 
1597292281856.000000 622.866028 
1597292281856.000000 2.070000 
1597292281856.000000 792.162964 
1597292281856.000000 194.613998 
1597292281856.000000 445.526001 
1597292281856.000000 444.958008 
1597292281856.000000 1180.696045 
1597292281856.000000 391.184021 
1597292281856.000000 220.408997 
1597292281856.000000 73.251999 
1597292281856.000000 144.979004 
1597292281856.000000 171.526001 
1597292281856.000000 19.167000 
1597292281856.000000 946.028015 
1597292281856.000000 5914.490234 
1597292281856.000000 882.981018 
1597292281856.000000 278.009003 
1597292281856.000000 39.794006 
1597292281856.000000 102.440002 
1597292281856.000000 15.230000 
1597292281856.000000 23.813999 
1597292281856.000000 98.235001 
1597292281856.000000 875.549988 
1597292281856.000000 2542.596924 
1597292281856.000000 413.786987 
1597292281856.000000 1115.676025 
1597292412928.000000 66.709000 
1597292412928.000000 202.513000 
1597292412928.000000 330.381989 
1597292412928.000000 160.916000 
1597292412928.000000 1.009000 
1597292412928.000000 908.896973 
1597292412928.000000 74.396004 
1597292412928.000000 28.580999 
1597292412928.000000 626.551025 
1597292412928.000000 1719.551025 
1597292412928.000000 3.891000 
1597292412928.000000 21.684999 
1597292412928.000000 356.407990 
1597292412928.000000 1197.505005 
1597292412928.000000 4309.817871 
1597292412928.000000 95.668999 
1597292412928.000000 686.898987 
1597292412928.000000 205.656006 
1597292412928.000000 79.334999 
1597292412928.000000 3.919000 
1597292412928.000000 2850.837891 
1597292412928.000000 355.381989 
1597292412928.000000 337.268005 
1597292412928.000000 259.346008 
1597292412928.000000 2520.822998 
1597292412928.000000 1157.504028 
1597292412928.000000 182.813004 
1597292412928.000000 1039.760986 
1597292412928.000000 5145.828125 
1597292412928.000000 299.260010 
1597292412928.000000 200.992996 
1597292412928.000000 100.386002 
1597292412928.000000 308.953003 
1597292412928.000000 1.724000 
1597292412928.000000 78.885002 
1597292412928.000000 85.695000 
1597292412928.000000 438.733002 
1597292412928.000000 53.630001 
1597292412928.000000 22.702999 
1597292412928.000000 1303.328979 
1597292412928.000000 195.811996 
1597292412928.000000 113.849998 
1597292412928.000000 1247.865967 
1597292412928.000000 92.237000 
1597292412928.000000 837.139038 
1597292412928.000000 1125.546021 
1597292412928.000000 67.622002 
1597292412928.000000 881.573975 
1597292412928.000000 117.478996 
1597292412928.000000 491.566010 
1597292412928.000000 1271.973022 
1597292412928.000000 1247.350952 
1597292412928.000000 1220.446045 
1597292412928.000000 1947.603027 
1597292412928.000000 16.589001 
1597292412928.000000 1394.615967 
1597292412928.000000 130.714996 
1597292412928.000000 1393.009033 
1597292412928.000000 15.496000 
1597292412928.000000 1282.838013 
1597292412928.000000 111.910004 
1597292412928.000000 51.693001 
1597292412928.000000 92.444000 
1597292412928.000000 95.480003 
1597292412928.000000 2.820000 
1597292412928.000000 327.014008 
1597292412928.000000 209.077026 
1597292412928.000000 39.355000 
1597292412928.000000 16.191999 
1597292412928.000000 3324.165039 
1597292412928.000000 135.867996 
1597292412928.000000 1169.755981 
1597292412928.000000 1885.005981 
1597292412928.000000 5071.856934 
1597292412928.000000 1312.354980 
1597292412928.000000 4.750000 
1597292412928.000000 217.293030 
1597292412928.000000 2113.029053 
1597292412928.000000 443.493011 
1597292412928.000000 234.356995 
1597292412928.000000 445.533997 
1597292412928.000000 1720.957031 
1597292412928.000000 208.464996 
1597292412928.000000 64.661003 
1597292412928.000000 6.244000 
1597292412928.000000 693.962036 
1597292412928.000000 21.841000 
1597292412928.000000 152.434998 
1597292412928.000000 170.046997 
1597292412928.000000 85.943001 
1597292412928.000000 241.492996 
1597292412928.000000 165.858002 
1597292412928.000000 1621.207031 
1597292412928.000000 392.902008 
1597292412928.000000 95.075989 
1597292412928.000000 26.260000 
1597292412928.000000 711.754028 
1597292412928.000000 80.460999 
1597292412928.000000 1.810000 
1597292412928.000000 6261.161133 
1597292412928.000000 123.764000 
1597292412928.000000 408.330994 
1597292412928.000000 66.330002 
1597292412928.000000 68.858002 
1597292412928.000000 26.723000 
1597292412928.000000 26.899000 
1597292412928.000000 25.705999 
1597292412928.000000 6.606000 
1597292412928.000000 552.098999 
1597292412928.000000 11.734000 
1597292412928.000000 58.020000 
1597292412928.000000 612.351013 
1597292412928.000000 3896.169922 
1597292412928.000000 203.100998 
1597292412928.000000 27.523001 
1597292412928.000000 322.928009 
1597292412928.000000 3917.610107 
1597292412928.000000 27.857000 
1597292412928.000000 174.785004 
1597292412928.000000 773.492004 
1597292412928.000000 895.406006 
1597292412928.000000 80.347000 
1597292412928.000000 107.763000 
1597292412928.000000 179.054001 
1597292412928.000000 908.479004 
1597292412928.000000 4141.937988 
1597292412928.000000 99.525002 
1597292412928.000000 192.036987 
1597292412928.000000 1181.557983 
1597292412928.000000 2057.603027 
1597292412928.000000 198.705994 
1597292412928.000000 118.497002 
1597292412928.000000 3.163000 
1597292412928.000000 5581.596191 
1597292412928.000000 365.066010 
1597292412928.000000 76.741997 
1597292412928.000000 511.704987 
1597292412928.000000 70.057999 
1597292412928.000000 3.277000 
1597292412928.000000 0.465000 
1597292412928.000000 66.724998 
1597292412928.000000 137.839005 
1597292412928.000000 70.137001 
1597292412928.000000 51.925999 
1597292412928.000000 15.210000 
1597292412928.000000 163.981995 
1597292412928.000000 716.950989 
1597292412928.000000 294.303986 
1597292412928.000000 482.594971 
1597292412928.000000 8.982000 
1597292412928.000000 410.278015 
1597292412928.000000 935.830017 
1597292412928.000000 118.537003 
1597292412928.000000 0.963000 
1597292412928.000000 3.417000 
1597292412928.000000 44.615002 
1597292412928.000000 63.238998 
1597292412928.000000 2014.296997 
1597292412928.000000 19.599001 
1597292412928.000000 3.991000 
1597292412928.000000 1913.223999 
1597292412928.000000 152.983994 
1597292412928.000000 2342.414062 
1597292412928.000000 31.363001 
1597292412928.000000 309.912994 
1597292412928.000000 629.575989 
1597292412928.000000 567.620972 
1597292412928.000000 1841.546997 
1597292412928.000000 4.749000 
1597292412928.000000 886.911011 
1597292412928.000000 853.768005 
1597292412928.000000 351.931000 
1597292412928.000000 370.237976 
1597292412928.000000 2550.758057 
1597292412928.000000 878.026978 
1597292412928.000000 2696.687012 
1597292412928.000000 1814.655029 
1597292412928.000000 36.722000 
1597292412928.000000 1933.222046 
1597292544000.000000 36.437000 
1597292544000.000000 1641.525024 
1597292544000.000000 191.417999 
1597292544000.000000 736.936035 
1597292544000.000000 62.389999 
1597292544000.000000 85.500999 
1597292544000.000000 306.783020 
1597292544000.000000 2751.192871 
1597292544000.000000 941.424988 
1597292544000.000000 192.197021 
1597292544000.000000 2545.079102 
1597292544000.000000 1810.337036 
1597292544000.000000 1394.703979 
1597292544000.000000 27.476000 
1597292544000.000000 12.451000 
1597292544000.000000 1211.315918 
1597292544000.000000 993.427002 
1597292544000.000000 702.721008 
1597292544000.000000 401.874023 
1597292544000.000000 102.512001 
1597292544000.000000 54.298000 
1597292544000.000000 90.517998 
1597292544000.000000 9.693000 
1597292544000.000000 4.461000 
1597292544000.000000 49.278000 
1597292544000.000000 468.544006 
1597292544000.000000 17.075001 
1597292544000.000000 386.556030 
1597292544000.000000 12.727000 
1597292544000.000000 54.984001 
1597292544000.000000 348.569000 
1597292544000.000000 549.698975 
1597292544000.000000 43.408001 
1597292544000.000000 2.668000 
1597292544000.000000 787.546997 
1597292544000.000000 166.138000 
1597292544000.000000 34.174000 
1597292544000.000000 692.245972 
1597292544000.000000 619.731995 
1597292544000.000000 330.367004 
1597292544000.000000 73.609985 
1597292544000.000000 22.122000 
1597292544000.000000 337.894989 
1597292544000.000000 16.782000 
1597292544000.000000 5.284000 
1597292544000.000000 3669.895020 
1597292544000.000000 1075.270020 
1597292544000.000000 359.842987 
1597292544000.000000 734.778015 
1597292544000.000000 30.572001 
1597292544000.000000 729.283997 
1597292544000.000000 1270.308960 
1597292544000.000000 146.705002 
1597292544000.000000 61.321999 
1597292544000.000000 2076.017090 
1597292544000.000000 311.184998 
1597292544000.000000 69.705002 
1597292544000.000000 251.176025 
1597292544000.000000 8.276000 
1597292544000.000000 72.802002 
1597292544000.000000 1.483000 
1597292544000.000000 142.740005 
1597292544000.000000 1676.997070 
1597292544000.000000 147.059998 
1597292544000.000000 1163.012939 
1597292544000.000000 398.161987 
1597292544000.000000 3.241000 
1597292544000.000000 79.315002 
1597292544000.000000 35.797001 
1597292544000.000000 45.535000 
1597292544000.000000 3.699000 
1597292544000.000000 1075.886963 
1597292544000.000000 856.997986 
1597292544000.000000 22.561001 
1597292544000.000000 824.559998 
1597292544000.000000 14.292000 
1597292544000.000000 539.811035 
1597292544000.000000 3946.875000 
1597292544000.000000 192.065994 
1597292544000.000000 290.432007 
1597292544000.000000 50.367001 
1597292544000.000000 87.224998 
1597292544000.000000 94.737999 
1597292544000.000000 1636.454956 
1597292544000.000000 417.453003 
1597292544000.000000 336.337006 
1597292544000.000000 53.688000 
1597292544000.000000 702.955994 
1597292544000.000000 3275.691895 
1597292544000.000000 78.214996 
1597292544000.000000 225.653000 
1597292544000.000000 33.276001 
1597292544000.000000 404.059021 
1597292544000.000000 7.564000 
1597292544000.000000 22.125999 
1597292544000.000000 154.569000 
1597292544000.000000 122.879997 
1597292544000.000000 249.072006 
1597292544000.000000 347.947998 
1597292544000.000000 734.817017 
1597292544000.000000 547.244995 
1597292544000.000000 401.487000 
1597292544000.000000 565.440002 
1597292544000.000000 89.377998 
1597292544000.000000 27.613001 
1597292544000.000000 2107.180908 
1597292544000.000000 23.499001 
1597292544000.000000 408.971985 
1597292544000.000000 1.596000 
1597292544000.000000 432.841003 
1597292544000.000000 53.362999 
1597292544000.000000 3.954000 
1597292544000.000000 87.900002 
1597292544000.000000 263.454987 
1597292544000.000000 244.025024 
1597292544000.000000 59.032001 
1597292544000.000000 200.817993 
1597292544000.000000 1.352000 
1597292544000.000000 5.414000 
1597292544000.000000 13.393000 
1597292544000.000000 1205.411011 
1597292544000.000000 24.000999 
1597292544000.000000 691.635986 
1597292544000.000000 341.251007 
1597292544000.000000 3.177000 
1597292544000.000000 32.660000 
1597292544000.000000 53.923000 
1597292544000.000000 946.648987 
1597292544000.000000 134.332993 
1597292544000.000000 50.226002 
1597292544000.000000 958.239990 
1597292544000.000000 202.723999 
1597292544000.000000 5.111000 
1597292544000.000000 86.859985 
1597292544000.000000 4.799000 
1597292544000.000000 3305.864014 
1597292544000.000000 1019.039001 
1597292544000.000000 166.589996 
1597292544000.000000 942.030029 
1597292544000.000000 333.940002 
1597292544000.000000 9.296000 
1597292544000.000000 52.299000 
1597292544000.000000 60.519001 
1597292544000.000000 825.458008 
1597292544000.000000 318.398987 
1597292544000.000000 632.098999 
1597292544000.000000 259.609009 
1597292544000.000000 336.684021 
1597292544000.000000 1086.517944 
1597292544000.000000 24.830999 
1597292544000.000000 1025.852051 
1597292544000.000000 7.652000 
1597292544000.000000 1010.466003 
1597292544000.000000 5828.439941 
1597292544000.000000 15.244000 
1597292544000.000000 517.815002 
1597292544000.000000 207.682007 
1597292544000.000000 2032.214966 
1597292544000.000000 1387.709961 
1597292544000.000000 73.047997 
1597292544000.000000 449.769012 
1597292544000.000000 105.330994 
1597292544000.000000 33.158001 
1597292544000.000000 377.329987 
1597292544000.000000 158.485992 
1597292544000.000000 27.358000 
1597292544000.000000 3599.896973 
1597292544000.000000 399.946991 
1597292544000.000000 899.780029 
1597292544000.000000 0.700000 
1597292544000.000000 27.712999 
1597292544000.000000 620.645996 
1597292544000.000000 14.486000 
1597292544000.000000 25.455000 
1597292544000.000000 1522.748047 
1597292544000.000000 46.521000 
1597292544000.000000 797.552979 
1597292544000.000000 109.335999 
1597292544000.000000 27.573000 
1597292544000.000000 149.656006 
1597292544000.000000 141.676025 
1597292544000.000000 15.438000 
1597292544000.000000 1123.468994 
1597292544000.000000 387.378998 
1597292544000.000000 143.065002 
1597292544000.000000 246.235992 
1597292544000.000000 3.996000 
1597292544000.000000 1.633000 
1597292544000.000000 191.059998 
1597292544000.000000 149.804001 
1597292544000.000000 122.820999 
1597292544000.000000 115.551003 
1597292544000.000000 474.638000 
1597292544000.000000 46.076000 
1597292544000.000000 322.901001 
1597292544000.000000 412.346008 
1597292544000.000000 1144.989014 
1597292544000.000000 33.228027 
1597292544000.000000 695.429016 
1597292544000.000000 2571.937012 
1597292544000.000000 245.035995 
1597292544000.000000 155.209000 
1597292544000.000000 445.984985 
1597292544000.000000 174.352997 
1597292544000.000000 2.585000 
1597292544000.000000 51.366001 
1597292544000.000000 105.907997 
1597292544000.000000 416.976013 
1597292544000.000000 758.289001 
1597292544000.000000 516.911011 
1597292544000.000000 706.424011 
1597292544000.000000 261.914001 
1597292544000.000000 452.273010 
1597292544000.000000 1.072000 
1597292544000.000000 282.196014 
1597292544000.000000 624.082031 
1597292544000.000000 286.545013 
1597292544000.000000 430.278992 
1597292544000.000000 590.150024 
1597292544000.000000 137.567993 
1597292544000.000000 11.004000 
1597292544000.000000 59.657001 
1597292544000.000000 190.981995 
1597292544000.000000 9.586000 
1597292544000.000000 128.007996 
1597292544000.000000 247.809998 
1597292544000.000000 386.488007 
1597292544000.000000 137.823975 
1597292544000.000000 21.112000 
1597292544000.000000 110.804001 
1597292544000.000000 115.057999 
1597292544000.000000 137.412003 
1597292544000.000000 326.312012 
1597292544000.000000 1803.311035 
1597292544000.000000 126.862999 
1597292544000.000000 334.690002 
1597292544000.000000 6.213000 
1597292544000.000000 2106.453125 
1597292544000.000000 179.354004 
1597292544000.000000 4.206000 
1597292544000.000000 412.575989 
1597292544000.000000 34.453999 
1597292544000.000000 319.486023 
1597292544000.000000 11.456000 
1597292544000.000000 515.700012 
1597292544000.000000 842.195984 
1597292544000.000000 817.164978 
1597292544000.000000 80.650002 
1597292544000.000000 433.114014 
1597292544000.000000 282.289001 
1597292544000.000000 6.374000 
1597292544000.000000 223.889008 
1597292544000.000000 2213.271973 
1597292544000.000000 4208.686035 
1597292544000.000000 54.134998 
1597292544000.000000 144.634003 
1597292544000.000000 5.147000 
1597292544000.000000 767.936035 
1597292544000.000000 41.936001 
1597292544000.000000 218.512024 
1597292544000.000000 16.261000 
1597292544000.000000 118.649002 
1597292544000.000000 60.615002 
1597292544000.000000 3749.937012 
1597292675072.000000 1211.598999 
1597292675072.000000 2129.612061 
1597292675072.000000 95.615997 
1597292675072.000000 5.210000 
1597292675072.000000 124.144997 
1597292675072.000000 307.229004 
1597292675072.000000 59.854000 
1597292675072.000000 466.273010 
1597292675072.000000 125.874001 
1597292675072.000000 539.436035 
1597292675072.000000 3339.727051 
1597292675072.000000 564.418030 
1597292675072.000000 79.520996 
1597292675072.000000 881.403015 
1597292675072.000000 144.796997 
1597292675072.000000 27.610001 
1597292675072.000000 96.523003 
1597292675072.000000 99.636002 
1597292675072.000000 13.399000 
1597292675072.000000 37.587002 
1597292675072.000000 8.309000 
1597292675072.000000 91.478996 
1597292675072.000000 32.236000 
1597292675072.000000 58.478001 
1597292675072.000000 307.061005 
1597292675072.000000 541.536011 
1597292675072.000000 397.253998 
1597292675072.000000 460.698975 
1597292675072.000000 1717.291016 
1597292675072.000000 868.841003 
1597292675072.000000 54.410999 
1597292675072.000000 596.719971 
1597292675072.000000 3.872000 
1597292675072.000000 292.053986 
1597292675072.000000 1398.542969 
1597292675072.000000 458.997986 
1597292675072.000000 31.993000 
1597292675072.000000 11.061000 
1597292675072.000000 3.326000 
1597292675072.000000 225.207993 
1597292675072.000000 447.638000 
1597292675072.000000 160.173004 
1597292675072.000000 87.810997 
1597292675072.000000 9.656000 
1597292675072.000000 71.217003 
1597292675072.000000 711.687988 
1597292675072.000000 1069.504028 
1597292675072.000000 172.238007 
1597292675072.000000 532.627991 
1597292675072.000000 405.239014 
1597292675072.000000 11.091000 
1597292675072.000000 212.567993 
1597292675072.000000 292.465027 
1597292675072.000000 189.037994 
1597292675072.000000 24.194000 
1597292675072.000000 942.169006 
1597292675072.000000 38.680000 
1597292675072.000000 833.239014 
1597292675072.000000 2088.533936 
1597292675072.000000 42.097000 
1597292675072.000000 851.988037 
1597292675072.000000 0.468000 
1597292675072.000000 465.414001 
1597292675072.000000 28.415001 
1597292675072.000000 137.438995 
1597292675072.000000 1040.428955 
1597292675072.000000 303.822998 
