1597286645760.000000 476.835999 
1597286645760.000000 473.099976 
1597286645760.000000 1788.988037 
1597286645760.000000 92.140999 
1597286645760.000000 662.945984 
1597286645760.000000 261.937988 
1597286645760.000000 414.760986 
1597286645760.000000 51.855000 
1597286645760.000000 45.744999 
1597286645760.000000 34.106998 
1597286645760.000000 4.315000 
1597286645760.000000 287.231995 
1597286645760.000000 1437.509033 
1597286645760.000000 38.859001 
1597286645760.000000 859.468018 
1597286645760.000000 2062.770996 
1597286645760.000000 120.238998 
1597286645760.000000 484.604004 
1597286645760.000000 3367.687988 
1597286645760.000000 58.891998 
1597286645760.000000 255.188004 
1597286645760.000000 7.935000 
1597286645760.000000 242.095001 
1597286645760.000000 179.549011 
1597286645760.000000 367.442993 
1597286645760.000000 684.338989 
1597286645760.000000 11.180000 
1597286645760.000000 591.684998 
1597286645760.000000 1724.612061 
1597286645760.000000 856.044006 
1597286645760.000000 149.378006 
1597286645760.000000 448.471985 
1597286645760.000000 81.219002 
1597286645760.000000 69.270996 
1597286645760.000000 10.193000 
1597286645760.000000 105.862000 
1597286645760.000000 4.031000 
1597286645760.000000 128.748993 
1597286645760.000000 48.772999 
1597286645760.000000 2117.333008 
1597286645760.000000 173.981995 
1597286645760.000000 131.975006 
1597286645760.000000 13.442000 
1597286645760.000000 46.349998 
1597286645760.000000 2815.355957 
1597286645760.000000 788.764038 
1597286645760.000000 2508.544922 
1597286645760.000000 165.791992 
1597286645760.000000 371.256989 
1597286645760.000000 235.770996 
1597286645760.000000 87.445000 
1597286645760.000000 1634.145020 
1597286645760.000000 249.783005 
1597286645760.000000 154.746994 
1597286645760.000000 141.606995 
1597286645760.000000 75.589996 
1597286645760.000000 8.235000 
1597286645760.000000 39.881001 
1597286645760.000000 1367.974976 
1597286645760.000000 1052.314941 
1597286645760.000000 60.396000 
1597286645760.000000 29.982000 
1597286645760.000000 6.515000 
1597286645760.000000 644.656982 
1597286645760.000000 2023.248047 
1597286645760.000000 407.752991 
1597286645760.000000 104.167999 
1597286645760.000000 861.877014 
1597286645760.000000 499.345001 
1597286645760.000000 116.556000 
1597286645760.000000 96.002998 
1597286645760.000000 152.238998 
1597286645760.000000 903.882019 
1597286645760.000000 3.369000 
1597286645760.000000 0.859000 
1597286645760.000000 52.581001 
1597286645760.000000 29.275999 
1597286645760.000000 94.931999 
1597286645760.000000 58.536999 
1597286645760.000000 90.702003 
1597286645760.000000 2478.823975 
1597286645760.000000 609.888000 
1597286645760.000000 166.851990 
1597286645760.000000 640.065979 
1597286645760.000000 417.091980 
1597286645760.000000 225.634003 
1597286645760.000000 274.109009 
1597286645760.000000 329.941986 
1597286645760.000000 17.382000 
1597286645760.000000 85.999023 
1597286645760.000000 17.704000 
1597286645760.000000 28.872000 
1597286645760.000000 5.666000 
1597286645760.000000 29.143000 
1597286645760.000000 61.790001 
1597286645760.000000 9.320000 
1597286645760.000000 38.992001 
1597286645760.000000 923.588989 
1597286645760.000000 1.412000 
1597286645760.000000 33.266998 
1597286645760.000000 194.776001 
1597286645760.000000 109.000999 
1597286645760.000000 611.052979 
1597286645760.000000 18.809000 
1597286645760.000000 545.616028 
1597286645760.000000 24.396999 
1597286645760.000000 1.846000 
1597286645760.000000 142.792999 
1597286645760.000000 4.528000 
1597286645760.000000 807.796021 
1597286645760.000000 2211.250977 
1597286645760.000000 8.932000 
1597286645760.000000 255.689026 
1597286645760.000000 366.975006 
1597286645760.000000 80.532997 
1597286645760.000000 833.136963 
1597286645760.000000 485.102997 
1597286645760.000000 1.540000 
1597286645760.000000 9.103000 
1597286645760.000000 1928.170044 
1597286645760.000000 132.063004 
1597286645760.000000 29.747999 
1597286645760.000000 24.729980 
1597286645760.000000 562.658020 
1597286645760.000000 28.247999 
1597286645760.000000 28.459000 
1597286645760.000000 598.109985 
1597286645760.000000 85.468002 
1597286645760.000000 110.848999 
1597286645760.000000 271.407013 
1597286645760.000000 186.970001 
1597286645760.000000 2133.564941 
1597286776832.000000 1.522000 
1597286776832.000000 1.828000 
1597286776832.000000 430.945007 
1597286776832.000000 122.995003 
1597286776832.000000 378.085999 
1597286776832.000000 153.393982 
1597286776832.000000 11.677000 
1597286776832.000000 2.299000 
1597286776832.000000 161.468994 
1597286776832.000000 829.596008 
1597286776832.000000 1041.873047 
1597286776832.000000 10.134000 
1597286776832.000000 102.733002 
1597286776832.000000 72.009003 
1597286776832.000000 64.323997 
1597286776832.000000 190.666000 
1597286776832.000000 1507.401001 
1597286776832.000000 27.530001 
1597286776832.000000 1004.507996 
1597286776832.000000 960.804993 
1597286776832.000000 146.389999 
1597286776832.000000 4.377000 
1597286776832.000000 741.132996 
1597286776832.000000 868.969971 
1597286776832.000000 75.099998 
1597286776832.000000 12.353000 
1597286776832.000000 237.226990 
1597286776832.000000 838.234985 
1597286776832.000000 7.391000 
1597286776832.000000 94.372002 
1597286776832.000000 744.229980 
1597286776832.000000 251.505005 
1597286776832.000000 110.799004 
1597286776832.000000 460.266998 
1597286776832.000000 16.232000 
1597286776832.000000 6.835000 
1597286776832.000000 93.695000 
1597286776832.000000 600.476990 
1597286776832.000000 3.111000 
1597286776832.000000 988.505981 
1597286776832.000000 10.276000 
1597286776832.000000 138.895996 
1597286776832.000000 4.253000 
1597286776832.000000 21.618999 
1597286776832.000000 204.520996 
1597286776832.000000 33.810001 
1597286776832.000000 5.182000 
1597286776832.000000 126.431999 
1597286776832.000000 48.972000 
1597286776832.000000 36.773010 
1597286776832.000000 2979.790039 
1597286776832.000000 1660.101074 
1597286776832.000000 125.973999 
1597286776832.000000 60.373001 
1597286776832.000000 215.810974 
1597286776832.000000 150.345993 
1597286776832.000000 55.714001 
1597286776832.000000 20.500999 
1597286776832.000000 14.804000 
1597286776832.000000 968.643982 
1597286776832.000000 1837.967041 
1597286776832.000000 20.569000 
1597286776832.000000 3541.793945 
1597286776832.000000 995.171021 
1597286776832.000000 129.147003 
1597286776832.000000 748.895020 
1597286776832.000000 285.437988 
1597286776832.000000 232.520020 
1597286776832.000000 2.085000 
1597286776832.000000 148.929993 
1597286776832.000000 228.386993 
1597286776832.000000 949.864990 
1597286776832.000000 211.492004 
1597286776832.000000 8.917000 
1597286776832.000000 117.092003 
1597286776832.000000 170.468994 
1597286776832.000000 103.729980 
1597286776832.000000 143.912994 
1597286776832.000000 195.757004 
1597286776832.000000 1741.821045 
1597286776832.000000 121.908997 
1597286776832.000000 73.873001 
1597286776832.000000 307.459991 
1597286776832.000000 165.606995 
1597286776832.000000 4.214000 
1597286776832.000000 210.177002 
1597286776832.000000 15.435974 
1597286776832.000000 745.956970 
1597286776832.000000 40.525002 
1597286776832.000000 24.541000 
1597286776832.000000 594.967041 
1597286776832.000000 565.658997 
1597286776832.000000 15.118000 
1597286776832.000000 120.390015 
1597286776832.000000 16.756001 
1597286776832.000000 225.832001 
1597286776832.000000 1658.380005 
1597286776832.000000 3426.821045 
1597286776832.000000 0.417000 
1597286776832.000000 1049.204956 
1597286776832.000000 110.467003 
1597286776832.000000 49.653999 
1597286776832.000000 42.264000 
1597286776832.000000 63.365002 
1597286776832.000000 0.554000 
1597286776832.000000 489.907013 
1597286776832.000000 3401.521973 
1597286776832.000000 114.639000 
1597286776832.000000 1819.540039 
1597286776832.000000 50.603001 
1597286776832.000000 198.369003 
1597286776832.000000 318.340027 
1597286776832.000000 23.992001 
1597286776832.000000 29.785000 
1597286776832.000000 56.269001 
1597286776832.000000 63.938000 
1597286776832.000000 36.801998 
1597286776832.000000 876.875000 
1597286776832.000000 5.419000 
1597286776832.000000 3.163000 
1597286776832.000000 455.385986 
1597286776832.000000 24.127001 
1597286776832.000000 523.579956 
1597286776832.000000 154.194000 
1597286776832.000000 429.628998 
1597286776832.000000 0.521000 
1597286776832.000000 10.424000 
1597286776832.000000 524.384033 
1597286776832.000000 169.042999 
1597286776832.000000 29.903000 
1597286776832.000000 3.466000 
1597286776832.000000 56.228001 
1597286776832.000000 4.391000 
1597286776832.000000 1289.969971 
1597286776832.000000 100.669006 
1597286776832.000000 587.643982 
1597286776832.000000 57.005001 
1597286776832.000000 440.867004 
1597286776832.000000 635.291016 
1597286776832.000000 622.989990 
1597286776832.000000 20.413000 
1597286776832.000000 22.497999 
1597286776832.000000 800.044006 
1597286776832.000000 18.862000 
1597286776832.000000 139.360001 
1597286776832.000000 4.566000 
1597286776832.000000 635.349976 
1597286776832.000000 59.154999 
1597286776832.000000 440.641998 
1597286776832.000000 1436.766968 
1597286776832.000000 1291.661987 
1597286776832.000000 325.838013 
1597286776832.000000 1.197000 
1597286776832.000000 171.319000 
1597286776832.000000 392.408997 
1597286776832.000000 796.116028 
1597286776832.000000 127.799988 
1597286776832.000000 39.202999 
1597286776832.000000 6.739000 
1597286776832.000000 2932.907959 
1597286776832.000000 58.821999 
1597286776832.000000 1696.073975 
1597286776832.000000 10.128000 
1597286776832.000000 741.420044 
1597286776832.000000 207.807999 
1597286776832.000000 921.403992 
1597286776832.000000 1.531000 
1597286776832.000000 87.185997 
1597286776832.000000 28.950001 
1597286776832.000000 388.642029 
1597286776832.000000 357.290985 
1597286776832.000000 228.690994 
1597286776832.000000 413.335999 
1597286776832.000000 8.189000 
1597286776832.000000 71.106003 
1597286776832.000000 618.838989 
1597286776832.000000 24.785999 
1597286776832.000000 372.965027 
1597286776832.000000 15.037000 
1597286776832.000000 1.335000 
1597286776832.000000 320.500000 
1597286776832.000000 4646.671875 
1597286776832.000000 197.447998 
1597286776832.000000 9.575000 
1597286776832.000000 15.415000 
1597286776832.000000 17.216999 
1597286776832.000000 349.256989 
1597286776832.000000 740.188965 
1597286776832.000000 6.926000 
1597286776832.000000 239.255997 
1597286776832.000000 36.629002 
1597286776832.000000 535.203979 
1597286776832.000000 660.785034 
1597286776832.000000 562.187012 
1597286776832.000000 4.977000 
1597286776832.000000 60.786999 
1597286776832.000000 585.957031 
1597286776832.000000 3.585000 
1597286776832.000000 78.799004 
1597286776832.000000 1311.098022 
1597286776832.000000 197.119995 
1597286776832.000000 9.854000 
1597286776832.000000 19.909000 
1597286776832.000000 85.679001 
1597286776832.000000 306.013000 
1597286776832.000000 1301.057007 
1597286776832.000000 205.061005 
1597286776832.000000 2743.445068 
1597286776832.000000 1978.139038 
1597286776832.000000 3.805000 
1597286776832.000000 2186.945068 
1597286776832.000000 43.900002 
1597286776832.000000 365.143982 
1597286776832.000000 83.780998 
1597286776832.000000 42.508999 
1597286776832.000000 1769.052979 
1597286776832.000000 5.780000 
1597286776832.000000 27.016001 
1597286776832.000000 1006.578979 
1597286776832.000000 52.162998 
1597286776832.000000 111.108002 
1597286776832.000000 81.805000 
1597286776832.000000 2096.947021 
1597286776832.000000 26.903999 
1597286776832.000000 94.175003 
1597286776832.000000 87.877998 
1597286776832.000000 94.379997 
1597286776832.000000 317.755981 
1597286776832.000000 267.257996 
1597286776832.000000 905.047974 
1597286776832.000000 131.313995 
1597286776832.000000 1.201000 
1597286776832.000000 2256.849121 
1597286776832.000000 1695.914062 
1597286776832.000000 516.453979 
1597286776832.000000 24.038000 
1597286776832.000000 163.380997 
1597286776832.000000 22.869995 
1597286776832.000000 527.396973 
1597286776832.000000 540.686035 
1597286776832.000000 43.991001 
1597286776832.000000 41.276001 
1597286776832.000000 30.347000 
1597286776832.000000 6.293000 
1597286776832.000000 2.369000 
1597286776832.000000 459.578003 
1597286776832.000000 114.015999 
1597286776832.000000 24.382000 
1597286776832.000000 54.265999 
1597286776832.000000 4089.004883 
1597286776832.000000 2617.552002 
1597286776832.000000 674.130005 
1597286776832.000000 3119.814941 
1597286776832.000000 13.801000 
1597286776832.000000 200.916000 
1597286776832.000000 31.375999 
1597286776832.000000 293.681000 
1597286776832.000000 1011.786987 
1597286776832.000000 29.731001 
1597286776832.000000 64.198975 
1597286776832.000000 170.638000 
1597286776832.000000 267.338989 
1597286776832.000000 71.647003 
1597286776832.000000 353.403015 
1597286776832.000000 69.476997 
1597286776832.000000 24.797001 
1597286776832.000000 202.758972 
1597286776832.000000 838.186035 
1597286776832.000000 24.316999 
1597286776832.000000 90.307999 
1597286776832.000000 58.028999 
1597286776832.000000 440.575989 
1597286776832.000000 63.703999 
1597286776832.000000 1219.568970 
1597286776832.000000 374.828003 
1597286776832.000000 43.095001 
1597286776832.000000 1473.768066 
1597286776832.000000 2.158000 
1597286776832.000000 322.922974 
1597286776832.000000 122.424004 
1597286776832.000000 59.958000 
1597286776832.000000 179.003006 
1597286776832.000000 108.966003 
1597286776832.000000 2419.614990 
1597286907904.000000 46.660000 
1597286907904.000000 467.274994 
1597286907904.000000 3.859000 
1597286907904.000000 54.785999 
1597286907904.000000 12.464000 
1597286907904.000000 102.200996 
1597286907904.000000 67.196999 
1597286907904.000000 1252.177979 
1597286907904.000000 46.657001 
1597286907904.000000 426.608002 
1597286907904.000000 46.897999 
1597286907904.000000 141.893997 
1597286907904.000000 104.474998 
1597286907904.000000 97.744003 
1597286907904.000000 348.237976 
1597286907904.000000 16.468000 
1597286907904.000000 6.914000 
1597286907904.000000 102.819000 
1597286907904.000000 9.530000 
1597286907904.000000 4.981000 
1597286907904.000000 117.175003 
1597286907904.000000 2035.167969 
1597286907904.000000 34.245998 
1597286907904.000000 242.535995 
1597286907904.000000 52.375000 
1597286907904.000000 10.912000 
1597286907904.000000 639.513000 
1597286907904.000000 85.283997 
1597286907904.000000 79.824997 
1597286907904.000000 457.331970 
1597286907904.000000 243.759003 
1597286907904.000000 63.799999 
1597286907904.000000 25.120001 
1597286907904.000000 1.989000 
1597286907904.000000 60.973000 
1597286907904.000000 952.487000 
1597286907904.000000 1191.701050 
1597286907904.000000 2.463000 
1597286907904.000000 880.939026 
1597286907904.000000 16.664000 
1597286907904.000000 116.692001 
1597286907904.000000 238.436005 
1597286907904.000000 41.477001 
1597286907904.000000 2040.523926 
1597286907904.000000 267.279999 
1597286907904.000000 136.179001 
1597286907904.000000 583.500000 
1597286907904.000000 164.395020 
1597286907904.000000 1411.677002 
1597286907904.000000 307.781006 
1597286907904.000000 672.987000 
1597286907904.000000 72.610001 
1597286907904.000000 464.875977 
1597286907904.000000 15.977000 
1597286907904.000000 167.774002 
1597286907904.000000 868.667969 
1597286907904.000000 121.263000 
1597286907904.000000 22.881001 
1597286907904.000000 10.512000 
1597286907904.000000 587.478027 
1597286907904.000000 38.216000 
1597286907904.000000 94.041992 
1597286907904.000000 383.574005 
1597286907904.000000 600.848999 
1597286907904.000000 936.359009 
1597286907904.000000 5.087000 
1597286907904.000000 602.174988 
1597286907904.000000 67.489998 
1597286907904.000000 217.184006 
1597286907904.000000 15.454000 
1597286907904.000000 1116.206055 
1597286907904.000000 113.454002 
1597286907904.000000 65.007004 
1597286907904.000000 324.538025 
1597286907904.000000 24.781000 
1597286907904.000000 2.171000 
1597286907904.000000 16.035999 
1597286907904.000000 8.335000 
1597286907904.000000 1663.289062 
1597286907904.000000 11.384000 
1597286907904.000000 245.851990 
1597286907904.000000 5.490000 
1597286907904.000000 258.723999 
1597286907904.000000 322.032013 
1597286907904.000000 6.265000 
1597286907904.000000 321.268982 
1597286907904.000000 748.588989 
1597286907904.000000 21.455000 
1597286907904.000000 4.297000 
1597286907904.000000 51.709000 
1597286907904.000000 310.232971 
1597286907904.000000 25.308001 
1597286907904.000000 8.487000 
1597286907904.000000 153.354996 
1597286907904.000000 80.875000 
1597286907904.000000 107.559998 
1597286907904.000000 8.961000 
1597286907904.000000 337.355011 
1597286907904.000000 2.922000 
1597286907904.000000 75.271973 
1597286907904.000000 316.855988 
1597286907904.000000 85.274002 
1597286907904.000000 1068.668945 
1597286907904.000000 772.132996 
1597286907904.000000 19.354000 
1597286907904.000000 24.864000 
1597286907904.000000 733.941040 
1597286907904.000000 1460.993042 
1597286907904.000000 2306.754883 
1597286907904.000000 826.471008 
1597286907904.000000 194.425003 
1597286907904.000000 117.781998 
1597286907904.000000 148.799011 
1597286907904.000000 221.936996 
1597286907904.000000 2155.756104 
1597286907904.000000 353.087006 
1597286907904.000000 2599.031982 
1597286907904.000000 373.092010 
1597286907904.000000 691.197021 
1597286907904.000000 58.034000 
1597286907904.000000 15.120000 
1597286907904.000000 35.382000 
1597286907904.000000 3003.495117 
1597286907904.000000 170.287994 
1597286907904.000000 417.828003 
1597286907904.000000 148.757004 
1597286907904.000000 159.026001 
1597286907904.000000 1328.859009 
1597286907904.000000 435.622986 
1597286907904.000000 40.150002 
1597286907904.000000 1139.651978 
1597286907904.000000 44.421001 
1597286907904.000000 9.486000 
1597286907904.000000 150.216003 
1597286907904.000000 1987.631958 
1597286907904.000000 76.149002 
1597286907904.000000 110.101997 
1597286907904.000000 352.252991 
1597286907904.000000 567.083984 
1597286907904.000000 78.280998 
1597286907904.000000 182.143997 
1597286907904.000000 1140.179932 
1597286907904.000000 23.798000 
1597286907904.000000 4970.335938 
1597286907904.000000 5.144000 
1597286907904.000000 368.635986 
1597286907904.000000 6.043000 
1597286907904.000000 370.316986 
1597286907904.000000 44.625999 
1597286907904.000000 7.207000 
1597286907904.000000 20.856001 
1597286907904.000000 2059.216064 
1597286907904.000000 14.738000 
1597286907904.000000 11.753000 
1597286907904.000000 57.333000 
1597286907904.000000 342.424011 
1597286907904.000000 18.556000 
1597286907904.000000 2038.274048 
1597286907904.000000 778.372986 
1597286907904.000000 46.359001 
1597286907904.000000 925.500977 
1597286907904.000000 290.229004 
1597286907904.000000 53.969971 
1597286907904.000000 147.649994 
1597286907904.000000 861.533997 
1597286907904.000000 3397.924072 
1597286907904.000000 35.930000 
1597286907904.000000 1168.047974 
1597286907904.000000 84.431999 
1597286907904.000000 423.646973 
1597286907904.000000 450.127991 
1597286907904.000000 275.028992 
1597286907904.000000 6.657000 
1597286907904.000000 125.164001 
1597286907904.000000 58.416016 
1597286907904.000000 14.543000 
1597286907904.000000 98.375000 
1597286907904.000000 177.188004 
1597286907904.000000 927.143005 
1597286907904.000000 187.352005 
1597286907904.000000 2573.177002 
1597286907904.000000 21.900999 
1597286907904.000000 185.121994 
1597286907904.000000 1621.408936 
1597286907904.000000 17.559000 
1597286907904.000000 39.813999 
1597286907904.000000 78.968002 
1597286907904.000000 1558.877930 
1597286907904.000000 2.827000 
1597286907904.000000 8134.583008 
1597286907904.000000 709.261963 
1597286907904.000000 67.244003 
1597286907904.000000 61.820999 
1597286907904.000000 10.625000 
1597286907904.000000 531.445007 
1597286907904.000000 1338.735962 
1597286907904.000000 46.757000 
1597286907904.000000 981.130981 
1597286907904.000000 473.851990 
1597286907904.000000 1089.450928 
1597286907904.000000 51.588001 
1597286907904.000000 2.893000 
1597286907904.000000 986.632996 
1597286907904.000000 980.711975 
1597286907904.000000 158.035995 
1597286907904.000000 103.459000 
1597286907904.000000 9.082000 
1597286907904.000000 84.459999 
1597286907904.000000 154.565994 
1597286907904.000000 104.544998 
1597286907904.000000 24.487000 
1597286907904.000000 96.665001 
1597286907904.000000 83.338997 
1597286907904.000000 564.674988 
1597286907904.000000 188.779999 
1597286907904.000000 21.861000 
1597286907904.000000 16.466999 
1597286907904.000000 1991.510986 
1597286907904.000000 46.723999 
1597286907904.000000 152.770004 
1597286907904.000000 501.085999 
1597286907904.000000 249.190994 
1597286907904.000000 566.285034 
1597286907904.000000 1221.600952 
1597286907904.000000 496.921997 
1597286907904.000000 990.575012 
1597286907904.000000 51.623001 
1597286907904.000000 665.145020 
1597286907904.000000 238.656006 
1597286907904.000000 25.426001 
1597286907904.000000 43.490002 
1597286907904.000000 82.315002 
1597286907904.000000 4.727000 
1597286907904.000000 193.854980 
1597286907904.000000 779.771973 
1597286907904.000000 250.960022 
1597286907904.000000 97.189003 
1597286907904.000000 340.783997 
1597286907904.000000 0.725000 
1597286907904.000000 20.785999 
1597286907904.000000 1053.651978 
1597286907904.000000 437.961975 
1597286907904.000000 126.250000 
1597286907904.000000 12.347000 
1597286907904.000000 8.560000 
1597286907904.000000 96.086998 
1597286907904.000000 10.516000 
1597286907904.000000 190.440002 
1597286907904.000000 256.290009 
1597286907904.000000 12.797000 
1597286907904.000000 2917.083008 
1597286907904.000000 1371.572998 
1597286907904.000000 898.877014 
1597286907904.000000 577.859985 
1597286907904.000000 15.116000 
1597286907904.000000 2382.441895 
1597286907904.000000 388.183990 
1597286907904.000000 390.031006 
1597286907904.000000 250.711975 
1597286907904.000000 227.557999 
1597286907904.000000 377.752991 
1597286907904.000000 2105.995117 
1597286907904.000000 880.494019 
1597286907904.000000 77.109001 
1597286907904.000000 44.837002 
1597286907904.000000 839.181030 
1597286907904.000000 109.501999 
1597286907904.000000 70.059998 
1597286907904.000000 88.831001 
1597286907904.000000 2968.666992 
1597287038976.000000 509.834015 
1597287038976.000000 1986.663940 
1597287038976.000000 977.552002 
1597287038976.000000 1099.201050 
1597287038976.000000 590.370972 
1597287038976.000000 300.872009 
1597287038976.000000 124.382004 
1597287038976.000000 183.242004 
1597287038976.000000 131.682999 
1597287038976.000000 81.296997 
1597287038976.000000 774.339966 
1597287038976.000000 50.217999 
1597287038976.000000 1846.251953 
1597287038976.000000 1251.984985 
1597287038976.000000 592.653015 
1597287038976.000000 55.591999 
1597287038976.000000 1107.563965 
1597287038976.000000 533.851990 
1597287038976.000000 659.661011 
1597287038976.000000 693.919006 
1597287038976.000000 2851.531006 
1597287038976.000000 60.216999 
1597287038976.000000 3478.629883 
1597287038976.000000 1094.828979 
1597287038976.000000 180.385986 
1597287038976.000000 54.141998 
1597287038976.000000 373.231995 
1597287038976.000000 669.731995 
1597287038976.000000 680.879028 
1597287038976.000000 10.190000 
1597287038976.000000 18.989000 
1597287038976.000000 75.164001 
1597287038976.000000 5.611000 
1597287038976.000000 2409.588867 
1597287038976.000000 2.318000 
1597287038976.000000 37.673000 
1597287038976.000000 1038.873047 
1597287038976.000000 496.681000 
1597287038976.000000 412.849976 
1597287038976.000000 434.592010 
1597287038976.000000 51.970001 
1597287038976.000000 69.236000 
1597287038976.000000 8257.497070 
1597287038976.000000 264.101013 
1597287038976.000000 157.703003 
1597287038976.000000 965.504028 
1597287038976.000000 1.691000 
1597287038976.000000 21.819000 
1597287038976.000000 252.824997 
1597287038976.000000 88.614998 
1597287038976.000000 1148.781006 
1597287038976.000000 2.839000 
1597287038976.000000 167.567001 
1597287038976.000000 689.719971 
1597287038976.000000 1396.604980 
1597287038976.000000 115.030998 
1597287038976.000000 135.570999 
1597287038976.000000 583.565002 
1597287038976.000000 835.343994 
1597287038976.000000 546.781982 
1597287038976.000000 3115.794922 
1597287038976.000000 129.080002 
1597287038976.000000 31.181000 
1597287038976.000000 12.224000 
1597287038976.000000 104.051003 
1597287038976.000000 53.070000 
1597287038976.000000 33.413025 
1597287038976.000000 19.653000 
1597287038976.000000 58.109001 
1597287038976.000000 30.224001 
1597287038976.000000 51.605999 
1597287038976.000000 259.678986 
1597287038976.000000 1875.973999 
1597287038976.000000 1877.905029 
1597287038976.000000 560.581970 
1597287038976.000000 259.002014 
1597287038976.000000 10.436000 
1597287038976.000000 374.411011 
1597287038976.000000 495.190002 
1597287038976.000000 334.703003 
1597287038976.000000 147.651993 
1597287038976.000000 108.656998 
1597287038976.000000 311.989990 
1597287038976.000000 44.890999 
1597287038976.000000 64.496002 
1597287038976.000000 63.487000 
1597287038976.000000 8.071000 
1597287038976.000000 148.820007 
1597287038976.000000 4219.598145 
1597287038976.000000 4321.973145 
1597287038976.000000 593.812012 
1597287038976.000000 264.959991 
1597287038976.000000 102.606003 
1597287038976.000000 592.808960 
1597287038976.000000 447.196991 
1597287038976.000000 16.107000 
1597287038976.000000 149.537994 
1597287038976.000000 111.953003 
1597287038976.000000 1.881000 
1597287038976.000000 1.028000 
1597287038976.000000 369.731995 
1597287038976.000000 460.459991 
1597287038976.000000 255.710999 
1597287038976.000000 11.637000 
1597287038976.000000 1260.447021 
1597287038976.000000 397.653015 
1597287038976.000000 53.646000 
1597287038976.000000 140.167007 
1597287038976.000000 190.208008 
1597287038976.000000 1207.557983 
1597287038976.000000 7.889000 
1597287038976.000000 5818.491211 
1597287038976.000000 360.013000 
1597287038976.000000 4994.627930 
1597287038976.000000 424.377991 
1597287038976.000000 35.558998 
1597287038976.000000 358.663025 
1597287038976.000000 848.469971 
1597287038976.000000 4024.233887 
1597287038976.000000 653.799988 
1597287038976.000000 260.625000 
1597287038976.000000 139.615005 
1597287038976.000000 120.462997 
1597287038976.000000 32.200001 
1597287038976.000000 153.936996 
1597287038976.000000 2053.117920 
1597287038976.000000 382.320007 
1597287038976.000000 192.853027 
1597287038976.000000 29.851000 
